
   *** Bell Statistics Summary
       ------------------------------------------------------------------------------------------------------------
         Bell Number:       1      2      3      4      5      6      7      8      9      0      E      T    
       ------------------------------------------------------------------------------------------------------------
         Mean Error: All    13.5   -8.3   15.7   11.4   12.3    5.3   20.3  -14.2  -27.8  -20.8  -19.9   13.1 
                      Hs    14.2  -14.6    2.7     29   18.7    1.4   12.8   -5.1  -32.1    -20  -23.5   -7.4 
                      Bs    12.8     -2   28.6   -6.2      6    9.2   27.8  -23.3  -23.5  -21.7  -16.4   33.7 
        
         Std  Error: All    28.5   36.2   30.6   36.2   31.4     29   32.6   30.4   34.8   32.5   29.4   32.8 
                      Hs    27.7     36   26.3   28.5   34.2   30.2   33.2   26.6   34.7   31.7     31   23.7 
                      Bs    29.4   35.5   29.1   34.6     27   27.4   30.4   31.3   34.5   33.5   27.2   27.4 
        
         Rms  Error: All    31.5   37.1   34.3   37.9   33.7   29.5   38.4   33.5   44.5   38.6   35.4   35.3 
                      Hs      31   38.8   26.4   40.5   38.9   30.1   35.4   26.9   47.2   37.4   38.8   24.7 
                      Bs      32   35.4   40.8     35   27.5   28.8   41.1   38.9   41.7   39.8   31.7   43.4 
       ------------------------------------------------------------------------------------------------------------
