
   *** Bell Statistics Summary
       ------------------------------------------------------------------------------------------------------------
         Bell Number:       1      2      3      4      5      6      7      8      9      0      E      T    
       ------------------------------------------------------------------------------------------------------------
         Mean Error: All    10.1   -4.9  -16.4   -5.3      4   -3.3   -2.9    0.5  -21.6    2.5    6.1     29 
                      Hs     4.6  -12.1  -10.8  -11.2   -1.6    2.8   -7.4   -9.7    -12   11.5    5.2   24.5 
                      Bs    15.6    2.4  -22.1    0.7    9.6   -9.5    1.6   10.7  -31.2   -6.6    6.9   33.4 
        
         Std  Error: All    26.6   26.6   25.6   22.9   25.2   24.9   26.3   23.5   26.1   31.7   23.2   22.4 
                      Hs    29.1   26.6   28.1   24.3   27.4   27.1   26.8   20.6   24.8   29.4     25   23.6 
                      Bs    22.6   24.6   21.5   19.8   21.5   20.9     25   21.8   23.9   31.4   21.3   20.3 
        
         Rms  Error: All    28.4     27   30.4   23.4   25.5   25.1   26.4   23.5   33.9   31.7   23.9   36.6 
                      Hs    29.3   29.2     30   26.6   27.3   27.1   27.7   22.7   27.5   31.5   25.4     34 
                      Bs    27.4   24.6   30.8   19.7   23.5   22.9     25   24.2   39.2   31.9   22.3     39 
       ------------------------------------------------------------------------------------------------------------
