
   *** Bell Statistics Summary
       ------------------------------------------------------------------------------------------------------------
         Bell Number:       1      2      3      4      5      6      7      8      9      0      E      T    
       ------------------------------------------------------------------------------------------------------------
         Mean Error: All    19.8    2.9   -0.6  -14.8    3.3    0.6    2.7    9.7    -10  -18.4    8.6   -2.4 
                      Hs      17    8.5   -0.5    -10  -10.4    0.7      1   -1.2   -3.4  -18.2      7   -7.8 
                      Bs    22.6   -2.7   -0.6  -19.6   17.1    0.5    4.4   20.6  -16.5  -18.6   10.3      3 
        
         Std  Error: All    28.4   22.8   20.7   23.1   29.1   21.2   23.3   27.1   22.7   27.3   20.4   20.2 
                      Hs    30.6   21.8   20.6   22.8   27.6   20.8   24.9   25.7   21.9   28.6   21.6   19.2 
                      Bs    25.7   22.4   20.9   22.6   23.7   21.8   21.5     24   21.7   26.1     19   19.9 
        
         Rms  Error: All    34.6   22.9   20.7   27.4   29.3   21.2   23.4   28.8   24.8   32.9   22.1   20.3 
                      Hs    34.9   23.3   20.5   24.8   29.4   20.7   24.8   25.6     22   33.8   22.6   20.7 
                      Bs    34.2   22.5   20.9   29.8   29.1   21.7   21.8   31.6   27.2     32   21.5     20 
       ------------------------------------------------------------------------------------------------------------
