
   *** Bell Statistics Summary
       ------------------------------------------------------------------------------------------------------------
         Bell Number:       1      2      3      4      5      6      7      8      9      0      E      T    
       ------------------------------------------------------------------------------------------------------------
         Mean Error: All    14.9   -4.7   11.7   -3.6   -3.9   -9.8   -2.9   -7.6      3  -17.3    5.5    8.7 
                      Hs    12.2   15.6    7.2  -14.7  -18.3  -10.2    2.4  -11.6   -6.2    -16     11    2.5 
                      Bs    17.6  -24.9   16.2    7.4   10.4   -9.4   -8.1   -3.6   12.3  -18.5   -0.1   14.8 
        
         Std  Error: All    24.7   34.4   28.7   31.3   34.4   25.7   27.7   25.4   39.5     26   31.7     24 
                      Hs    25.3     27   27.4   26.7   30.9   26.7   25.6   24.6     39   27.1     32   22.7 
                      Bs      24   28.6   29.3   31.7   31.7   24.7   28.8   25.6   37.9   24.9   30.4   23.8 
        
         Rms  Error: All    28.9   34.6   30.9   31.4   34.5   27.5   27.8   26.5   39.5   31.2   32.1   25.5 
                      Hs      28   31.1   28.2   30.4   35.8   28.5   25.6   27.2   39.3   31.4   33.8   22.8 
                      Bs    29.7   37.8   33.4   32.4   33.2   26.4   29.8   25.8   39.7     31   30.3   27.9 
       ------------------------------------------------------------------------------------------------------------
