
   *** Bell Statistics Summary
       ------------------------------------------------------------------------------------------------------------
         Bell Number:       1      2      3      4      5      6      7      8      9      0      E      T    
       ------------------------------------------------------------------------------------------------------------
         Mean Error: All    11.4   15.4   13.8    0.7    0.9   -2.2    1.8    0.3  -17.6   -1.9  -14.3   -9.7 
                      Hs    10.9   24.2     10  -12.8  -12.2   -6.7    3.6    5.4  -29.9     -5  -17.7  -25.9 
                      Bs    11.8    6.7   17.6   14.2     14    2.3   -0.1   -4.8   -5.3    1.2  -10.9    6.6 
        
         Std  Error: All    23.5     25   25.7   28.5   26.5     25   26.6   26.2   28.8   24.7   21.8   27.3 
                      Hs    22.2   21.2   28.1   24.1   25.7   26.3   29.5   29.5   26.2   22.2   22.2   22.2 
                      Bs    24.8   25.6   22.6   26.3   20.1     23   23.4   21.5   25.9   26.7     21   21.8 
        
         Rms  Error: All      26   29.3   29.1   28.4   26.4     25   26.6   26.1   33.6   24.7     26   28.9 
                      Hs    24.6   32.1   29.7   27.1   28.3   26.9   29.5   29.8   39.7   22.6   28.3     34 
                      Bs    27.4   26.3   28.6   29.7   24.4   22.9   23.2   21.9   26.3   26.6   23.5   22.6 
       ------------------------------------------------------------------------------------------------------------
