
   *** Bell Statistics Summary
       ------------------------------------------------------------------------------------------------------------
         Bell Number:       1      2      3      4      5      6      7      8      9      0      E      T    
       ------------------------------------------------------------------------------------------------------------
         Mean Error: All    15.3    6.7   -6.6     -2    7.2    3.4    5.9   -7.7  -15.4   -7.1   -0.2   -0.9 
                      Hs    10.3    6.3   -4.9   -1.6    1.2   -1.4    4.6  -17.2  -12.6  -11.9   -1.2    1.1 
                      Bs    20.3      7   -8.3   -2.4   13.2    8.2    7.1    1.8  -18.3   -2.2    0.8   -2.8 
        
         Std  Error: All    26.5   20.2   28.2   24.6   29.3   22.2   23.8     29   27.8   26.8   26.3   26.9 
                      Hs    25.5     23   31.2   27.3   27.7   22.4   23.4   26.7   27.1   25.4   27.6   25.5 
                      Bs    26.6   17.1   24.8   21.6   29.7     21   24.3   28.1   28.3   27.3     25   28.2 
        
         Rms  Error: All    30.6   21.3   28.9   24.6   30.1   22.4   24.5   29.9   31.8   27.6   26.2   26.9 
                      Hs    27.4   23.8   31.4   27.2   27.6   22.4   23.7   31.7   29.7     28   27.5   25.5 
                      Bs    33.4   18.4   26.1   21.7   32.4   22.5   25.2     28   33.6   27.3   24.9   28.2 
       ------------------------------------------------------------------------------------------------------------
