
   *** Bell Statistics Summary
       ------------------------------------------------------------------------------------------------------------
         Bell Number:       1      2      3      4      5      6      7      8      9      0      E      T    
       ------------------------------------------------------------------------------------------------------------
         Mean Error: All    22.5    9.8   11.1   -4.4   -5.9  -14.6    9.8  -10.5     -5  -17.7    3.9   -5.1 
                      Hs    18.6    9.3    7.3  -24.4    -20  -16.4   13.1  -11.3  -16.4  -23.4    0.5   -6.9 
                      Bs    26.4   10.2   14.9   15.7    8.4  -12.7    6.4   -9.8    6.5    -12    7.4   -3.2 
        
         Std  Error: All    26.2   28.6   25.2   36.2   29.7   26.8   24.8   26.5   28.6   28.5   24.9   21.7 
                      Hs    28.7     33   26.4   30.6   27.1   28.3   25.8   24.9   23.9   30.4   27.4   20.9 
                      Bs    22.8   23.6   23.5   29.7   25.2     25   23.4   28.1   28.3   25.2   21.7   22.5 
        
         Rms  Error: All    34.5   30.2   27.5   36.4   30.2   30.4   26.6   28.5   28.9   33.5   25.2   22.3 
                      Hs    34.2   34.1   27.3   39.1   33.6   32.7   28.8   27.2   28.9   38.3   27.3   21.9 
                      Bs    34.8   25.6   27.8   33.5   26.4   27.9   24.2   29.7     29   27.8   22.8   22.6 
       ------------------------------------------------------------------------------------------------------------
