
   *** Bell Statistics Summary
       ------------------------------------------------------------------------------------------------------------
         Bell Number:       1      2      3      4      5      6      7      8      9      0      E      T    
       ------------------------------------------------------------------------------------------------------------
         Mean Error: All     1.8    9.3   10.8   -1.4      7  -10.4    4.3    0.1  -12.3   -7.5   -4.3    1.8 
                      Hs    -0.4   20.6    5.3  -13.3   -4.9  -20.6    3.7    8.5  -18.8    5.5    1.9  -13.7 
                      Bs     4.1   -2.1   16.3   10.6     19   -0.2      5   -8.4   -5.8  -20.7  -10.6   17.5 
        
         Std  Error: All    22.4   25.9   24.6   26.5   25.8     25   26.7   26.3   27.5   28.1   23.8   27.3 
                      Hs    23.5   24.6   26.3   20.4   24.2   25.2   29.6   25.1   27.6   27.9   24.7   22.3 
                      Bs    21.2     22   21.4   26.6   21.4   20.4   23.5   24.8   25.8   21.5   21.1   22.6 
        
         Rms  Error: All    22.5   27.5   26.8   26.5   26.7   27.1     27   26.2     30   29.1   24.1   27.3 
                      Hs    23.4   32.1   26.8   24.3   24.6   32.5   29.7   26.4   33.3   28.4   24.6   26.1 
                      Bs    21.5     22   26.8   28.6   28.6   20.3     24   26.1   26.4   29.7   23.6   28.5 
       ------------------------------------------------------------------------------------------------------------
