
   *** Bell Statistics Summary
       ------------------------------------------------------------------------------------------------------------
         Bell Number:       1      2      3      4      5      6      7      8      9      0      E      T    
       ------------------------------------------------------------------------------------------------------------
         Mean Error: All    17.6    4.9     -3  -10.3    2.6    4.4   -1.2      4    -11  -13.7      2    4.6 
                      Hs    13.8    9.2   -0.4   -7.5   -3.8    0.9   -1.9   -7.5   -5.2  -14.5   -1.8   -2.6 
                      Bs    21.4    0.5   -5.7  -13.2    8.9      8   -0.6   15.4  -16.8    -13    5.8   11.7 
        
         Std  Error: All    27.2   21.5   18.9   22.5   24.3   21.3     23   27.6   22.9   25.9   21.6   19.8 
                      Hs    26.1   22.5   19.5   23.8   24.1   21.5     25   27.3   22.4     28     23   19.4 
                      Bs    27.9   19.6     18   20.9     23   20.6   20.8   22.8   22.1   23.6   19.5   17.5 
        
         Rms  Error: All    32.4     22   19.1   24.8   24.4   21.7   22.9   27.8   25.4   29.3   21.7   20.3 
                      Hs    29.4   24.2   19.4   24.9   24.3   21.4   24.9   28.2   22.9   31.4     23   19.5 
                      Bs    35.1   19.5   18.8   24.6   24.6     22   20.7   27.4   27.7   26.9   20.3   21.1 
       ------------------------------------------------------------------------------------------------------------
