
   *** Bell Statistics Summary
       ------------------------------------------------------------------------------------------------------------
         Bell Number:       1      2      3      4      5      6      7      8      9      0      E      T    
       ------------------------------------------------------------------------------------------------------------
         Mean Error: All    14.5   14.2   14.5      2      0   -4.8    1.3   -6.8  -15.9   -8.9   -7.2   -4.2 
                      Hs    15.6   24.2   12.4   -8.7  -11.6   -7.3    8.4     -8  -24.5   -3.6   -7.7  -16.4 
                      Bs    13.4    4.1   16.7   12.7   11.5   -2.3   -5.9   -5.6   -7.3  -14.2   -6.7    8.1 
        
         Std  Error: All    23.8   24.2   20.1   23.8   23.4   24.8   27.4   23.8   27.9   25.3   21.2   25.9 
                      Hs    22.5   22.4   21.7   19.8   21.5   25.6   29.6   22.2   28.4   25.1   19.6   22.7 
                      Bs    25.2   21.7   18.2   22.7   19.2   23.9   22.9   25.4   24.6   24.5   22.7     23 
        
         Rms  Error: All    27.9     28   24.8   23.9   23.3   25.2   27.3   24.7     32   26.8   22.3   26.1 
                      Hs    27.3   32.9   24.9   21.6   24.3   26.5   30.7   23.5   37.4   25.2     21   27.9 
                      Bs    28.4     22   24.7   25.9   22.3   23.9   23.5   25.9   25.6   28.2   23.6   24.3 
       ------------------------------------------------------------------------------------------------------------
