
   *** Bell Statistics Summary
       ------------------------------------------------------------------------------------------------------------
         Bell Number:       1      2      3      4      5      6      7      8      9      0      E      T    
       ------------------------------------------------------------------------------------------------------------
         Mean Error: All    12.4   10.9    8.1    7.1   -3.8  -14.3    2.7   -4.9  -39.1   -7.3    7.3   15.3 
                      Hs    12.5     19   -2.9    1.1  -14.3  -17.5     10   -4.6  -27.9  -16.3    3.4    9.8 
                      Bs    12.2    2.8   19.1   13.1    6.7  -11.2   -4.6   -5.3  -50.2    1.7   11.2   20.8 
        
         Std  Error: All    23.8   23.1   25.6   22.6   26.4   21.1   28.1   24.6   28.5   26.5   24.2   22.4 
                      Hs    25.4   22.4   23.6   20.3   27.2     21     28   25.8   24.7   29.4   27.1   21.3 
                      Bs    22.1     21   22.6   23.3   20.9   20.9   26.3   23.5   27.7   19.5   20.4   22.3 
        
         Rms  Error: All    26.8   25.5   26.8   23.7   26.6   25.5   28.2   25.1   48.3   27.4   25.3   27.1 
                      Hs    28.2   29.3   23.7   20.3   30.7   27.2   29.6   26.1   37.2   33.6   27.2   23.3 
                      Bs    25.2   21.1   29.6   26.7   21.9   23.6   26.6     24   57.3   19.5   23.2   30.4 
       ------------------------------------------------------------------------------------------------------------
