
   *** Bell Statistics Summary
       ------------------------------------------------------------------------------
         Bell Number:       1    2    3    4    5    6    7    8    9    0    E    T  
       ------------------------------------------------------------------------------
         Mean Error: All     0    8    0   -9    0    2    0   -6    1   -4    8   -1 
                      Hs    -3    5    0  -12    1    1   -7  -13   -1  -14    9   -7 
                      Bs     4   11    0   -6   -1    2    8    1    3    6    8    5 
        
         Std  Error: All    22   24   29   28   27   24   31   25   29   29   23   27 
                      Hs    24   25   30   31   28   24   30   23   30   29   24   28 
                      Bs    19   22   27   24   27   23   30   26   28   26   22   26 
        
         Rms  Error: All    22   25   28   30   27   24   31   26   29   29   25   27 
                      Hs    24   25   30   34   27   24   31   26   30   32   25   29 
                      Bs    20   25   27   25   27   23   31   26   28   27   24   26 
       ------------------------------------------------------------------------------
