
   *** Bell Statistics Summary
       ------------------------------------------------------------------------------------------------------------
         Bell Number:       1      2      3      4      5      6      7      8      9      0      E      T    
       ------------------------------------------------------------------------------------------------------------
         Mean Error: All    21.3    0.8   19.7    4.6   -4.1    5.7    7.2    1.7    1.2  -16.7    5.1  -43.1 
                      Hs      20   -1.9   21.9   16.8   -4.3    3.2    2.1   -1.5  -13.3  -30.4   -1.3  -67.4 
                      Bs    22.6    3.6   17.5   -7.6   -3.8    8.3   12.4    4.9   15.7   -2.9   11.4  -18.8 
        
         Std  Error: All    29.2   30.2   24.6   32.6   27.9   35.7   33.5   36.9   36.4   42.4   31.9   43.4 
                      Hs    29.3   27.1   24.9   30.3   28.5     33     34   37.1   28.9   37.8     33   37.8 
                      Bs    29.2   32.9   24.2   30.4   27.4   38.3   32.3   36.6   37.4   42.4   29.6   34.1 
        
         Rms  Error: All    36.1   30.1   31.5   32.9   28.2   36.1   34.2   36.9   36.3   45.4   32.3   61.1 
                      Hs    35.3   27.1   33.1   34.6   28.7     33     34     37   31.7   48.4   32.9   77.2 
                      Bs    36.8   32.9   29.8   31.2   27.6     39   34.5   36.8   40.4   42.3   31.6   38.8 
       ------------------------------------------------------------------------------------------------------------
