
   *** Bell Statistics Summary
       ------------------------------------------------------------------------------------------------------------
         Bell Number:       1      2      3      4      5      6      7      8      9      0      E      T    
       ------------------------------------------------------------------------------------------------------------
         Mean Error: All    19.5   21.1      1   -2.7   -9.3  -11.8   -1.6  -18.9   15.1   -4.4   -8.2   -5.5 
                      Hs    18.5     28    2.6  -22.1  -22.6  -14.1    0.4  -21.6    6.4    -19  -13.7   -9.1 
                      Bs    20.5   14.1   -0.6     17      4   -9.4   -3.6  -16.1   23.9   10.3   -2.6   -1.8 
        
         Std  Error: All    25.5   25.4   22.8   33.6   28.3   24.7   26.7   28.3     26   27.6   27.8   19.6 
                      Hs    26.1   25.7   25.5     27   26.7   23.6   27.7   27.8   23.5     22   30.5   18.7 
                      Bs    24.9   23.2   19.7   27.7   23.2   25.7   25.6   28.5   25.5   24.7   23.7   19.8 
        
         Rms  Error: All    32.1     33   22.8   33.6   29.8   27.4   26.7   33.9     30   27.9     29   20.3 
                      Hs    31.9     38   25.5   34.8   34.9   27.4   27.6   35.1   24.3     29   33.4   20.7 
                      Bs    32.2   27.1   19.6   32.4   23.5   27.3   25.8   32.7   34.9   26.7   23.7   19.8 
       ------------------------------------------------------------------------------------------------------------
