
   *** Bell Statistics Summary
       --------------------------------------------------------------------------------------------------
         Bell Number:       1      2      3      4      5      6      7      8      9      0    
       --------------------------------------------------------------------------------------------------
         Mean Error: All      -2   27.1    4.8    1.2    4.4  -13.3   -8.2   -9.1   -3.5   -1.5 
                      Hs     1.4   26.4   10.7    0.3    -12  -25.3  -13.5     -5   -4.1  -15.2 
                      Bs    -5.4   27.9   -1.1    2.1   20.8   -1.2   -2.7  -13.2     -3   12.4 
        
         Std  Error: All    30.7   20.5   23.7   24.4   27.2   25.3   26.5   22.1     21     23 
                      Hs    32.1   21.4   26.1   26.7   24.6     24   27.5   21.7   22.1   19.4 
                      Bs      29   19.6   19.4   21.7   18.4   20.3   24.4   21.8   19.9   17.2 
        
         Rms  Error: All    30.8     34   24.2   24.3   27.5   28.5   27.7   23.9   21.3     23 
                      Hs      32   33.9   28.2   26.7   27.3   34.8   30.6   22.2   22.4   24.6 
                      Bs    29.4   34.1   19.3   21.8   27.8   20.3   24.5   25.5   20.1   21.2 
       --------------------------------------------------------------------------------------------------
