
   *** Bell Statistics Summary
       ------------------------------------------------------------------------------------------------------------
         Bell Number:       1      2      3      4      5      6      7      8      9      0      E      T    
       ------------------------------------------------------------------------------------------------------------
         Mean Error: All     6.5    6.8   -8.2    4.5   -0.2   -4.1    0.9      7   -6.3   -9.6     -6    6.4 
                      Hs       6    8.3   -4.6    5.2     -8     -4   -2.8    1.2   -3.9  -11.8  -10.5   -4.9 
                      Bs       7    5.4  -11.8    3.7    7.7   -4.1    4.5   12.8   -8.7   -7.5   -1.4   17.8 
        
         Std  Error: All    19.8   21.8   20.1   22.1   27.4   22.1   24.2   23.8   21.2   23.5   20.2   24.4 
                      Hs      20   23.9     22   21.7   30.2   21.9   22.4   22.7   21.8   24.2   20.9   20.9 
                      Bs    19.7   19.4   17.5   22.6   21.7   22.3   25.4   23.6   20.5   22.7   18.5   22.3 
        
         Rms  Error: All    20.8   22.8   21.7   22.5   27.4   22.4   24.2   24.8   22.1   25.4     21   25.1 
                      Hs    20.8   25.2   22.4   22.2   31.2   22.2   22.5   22.6     22   26.9   23.3   21.4 
                      Bs    20.9   20.1     21   22.9   22.9   22.6   25.7   26.8   22.2   23.8   18.5   28.4 
       ------------------------------------------------------------------------------------------------------------
