
   *** Bell Statistics Summary
       ------------------------------------------------------------------------------------------------------------
         Bell Number:       1      2      3      4      5      6      7      8      9      0      E      T    
       ------------------------------------------------------------------------------------------------------------
         Mean Error: All     6.9   -7.2     -8    2.1    5.2   -3.6    2.7     10   -9.9    1.4    5.8   -5.5 
                      Hs     4.1   -6.9  -10.5   -0.4   -0.4   -4.8   -0.7    8.3  -11.2   -1.9    0.4  -13.4 
                      Bs     9.7   -7.6   -5.4    4.7   10.8   -2.4    6.2   11.7   -8.7    4.7   11.3    2.5 
        
         Std  Error: All    20.7     25   18.3   22.3   23.4     23   21.6   21.5   26.2   23.7   22.6   19.9 
                      Hs    21.7   28.6   18.2   23.9   20.7   24.6   23.4   19.4   26.8   23.5   21.2   19.6 
                      Bs    19.4     21     18   20.2   24.6   21.2   19.2   23.3   25.7   23.6   22.8   16.9 
        
         Rms  Error: All    21.8     26   19.9   22.3   23.9   23.2   21.8   23.7     28   23.7   23.3   20.6 
                      Hs      22   29.3     21   23.8   20.6     25   23.3     21   28.9   23.5   21.1   23.7 
                      Bs    21.6   22.3   18.7   20.7   26.8   21.3   20.1     26     27   23.9   25.3   17.1 
       ------------------------------------------------------------------------------------------------------------
