
   *** Bell Statistics Summary
       ------------------------------------------------------------------------------------------------------------
         Bell Number:       1      2      3      4      5      6      7      8      9      0      E      T    
       ------------------------------------------------------------------------------------------------------------
         Mean Error: All     0.5     -4     -8   -4.8   -1.8   -0.5    4.7    8.3   -3.4      0    7.6    1.7 
                      Hs     0.7  -10.7    -11  -12.7  -12.3    7.4    5.8   -3.6    1.2    3.8    4.8    0.5 
                      Bs     0.3    2.7   -4.9    3.1    8.7   -8.3    3.7   20.3   -8.1   -3.7   10.4    2.8 
        
         Std  Error: All    22.3     30   21.5   23.9   27.9   24.5   26.4   25.5   29.2   29.4     24     20 
                      Hs    21.9   32.5   23.1   21.1   26.3     26   28.2   24.8   25.7   28.5   26.7     20 
                      Bs    22.8   25.8   19.4   23.9   25.6   20.1   24.6   20.2   31.6     30   20.6   20.1 
        
         Rms  Error: All    22.3   30.2   22.9   24.3   27.9   24.4   26.8   26.8   29.3   29.4   25.1   20.1 
                      Hs    21.8   34.1   25.5   24.6   28.9   26.9   28.7   24.9   25.7   28.6     27     20 
                      Bs    22.7   25.8   19.9   24.1   26.9   21.6   24.8   28.6   32.5   30.1     23   20.2 
       ------------------------------------------------------------------------------------------------------------
