
   *** Bell Statistics Summary
       ------------------------------------------------------------------------------------------------------------
         Bell Number:       1      2      3      4      5      6      7      8      9      0      E      T    
       ------------------------------------------------------------------------------------------------------------
         Mean Error: All    -0.1   -6.2   -8.1    0.7    3.4    8.6    6.1  -13.1      0   -0.3   -6.6     17 
                      Hs     2.3  -14.2   -9.5   10.1    2.4    8.5    8.1  -11.4   -3.9   -3.2   -6.4   11.1 
                      Bs    -2.5    1.9   -6.6   -8.7    4.3    8.6    4.1  -14.8    3.9    2.6   -6.8   22.9 
        
         Std  Error: All    27.1   31.7   25.2     30   24.5   24.6   27.6   27.3   27.9   29.7   28.5   28.4 
                      Hs    26.1   33.1   28.2   27.4   24.8   24.6   25.9     27   25.2     26   27.4   24.5 
                      Bs      28   28.1   21.8   29.7   24.1   24.6   29.2   27.6     30   32.9   29.7   30.8 
        
         Rms  Error: All    27.1   32.3   26.4     30   24.6     26   28.2   30.2   27.9   29.7   29.2   33.1 
                      Hs    26.1   35.9   29.6   29.1   24.9   25.9     27   29.2   25.4   26.1   28.1   26.8 
                      Bs      28   28.1   22.7   30.8   24.4     26   29.3   31.3   30.2   32.9   30.3   38.3 
       ------------------------------------------------------------------------------------------------------------
