
   *** Bell Statistics Summary
       ------------------------------------------------------------------------------------------------------------
         Bell Number:       1      2      3      4      5      6      7      8      9      0      E      T    
       ------------------------------------------------------------------------------------------------------------
         Mean Error: All    19.1   15.4   13.2    4.4    0.4   -3.2   -4.6   -3.6  -20.4  -12.5  -10.2    0.4 
                      Hs    18.7   24.2   10.3   -3.2  -10.2   -5.4    0.7   -3.3  -31.3  -11.1   -7.9  -11.7 
                      Bs    19.5    6.6   16.2   12.1   11.1   -0.9   -9.9   -3.9   -9.4    -14  -12.5   12.6 
        
         Std  Error: All    24.2   24.7   21.5   27.9   24.6   22.2   24.9   22.1   28.4     25   21.1   23.6 
                      Hs    24.3   24.4   22.5   21.5   22.5   24.2   25.5   23.5   27.8   25.2     23   21.4 
                      Bs    24.2   21.8   20.2   31.3   21.9   19.8   23.2   20.7   24.6   24.8   18.9   19.2 
        
         Rms  Error: All    30.8   29.1   25.2   28.2   24.6   22.4   25.3   22.3   34.9     28   23.4   23.6 
                      Hs    30.6   34.3   24.7   21.6   24.6   24.7   25.4   23.6   41.8   27.5   24.2   24.3 
                      Bs      31   22.7   25.8   33.5   24.5   19.8   25.2     21   26.3   28.4   22.6   22.8 
       ------------------------------------------------------------------------------------------------------------
