
   *** Bell Statistics Summary
       ------------------------------------------------------------------------------------------------------------
         Bell Number:       1      2      3      4      5      6      7      8      9      0      E      T    
       ------------------------------------------------------------------------------------------------------------
         Mean Error: All    19.3    3.7    0.9      3  -10.8    2.5     -3   -5.9   -4.9  -13.7    2.6    4.3 
                      Hs    20.7      6   -5.2  -15.8  -23.1    1.6    5.8   -2.9   -5.2  -10.5     -4   -8.2 
                      Bs    17.8    1.3      7   21.9    1.5    3.3  -11.9     -9   -4.6  -16.9    9.2   16.8 
        
         Std  Error: All    23.1   21.8   26.2   28.5   26.5   22.6   25.6   22.6   24.4   26.1   21.7   27.7 
                      Hs    22.4     23   28.1     19     25   22.2   25.3     24   24.7   27.1   21.4   24.3 
                      Bs    23.7   20.4   22.6   23.6   21.8     23   22.8   20.7   24.1   24.8     20   25.2 
        
         Rms  Error: All      30   22.1   26.1   28.6   28.5   22.7   25.7   23.3   24.8   29.5   21.8     28 
                      Hs    30.5   23.7   28.5   24.7     34   22.2   25.9   24.1   25.2     29   21.7   25.5 
                      Bs    29.6   20.4   23.6   32.1   21.8   23.2   25.6   22.5   24.4   29.9   21.9   30.2 
       ------------------------------------------------------------------------------------------------------------
