
   *** Bell Statistics Summary
       ------------------------------------------------------------------------------------------------------------
         Bell Number:       1      2      3      4      5      6      7      8      9      0      E      T    
       ------------------------------------------------------------------------------------------------------------
         Mean Error: All     7.3    4.2  -11.8    7.3    7.2   -2.5   11.3   -2.8  -12.7    0.4    0.7  -11.1 
                      Hs    10.9      6  -13.8   -2.6  -11.3   -2.4   14.8  -18.1    -11   -3.1    8.9  -13.7 
                      Bs     3.6    2.4   -9.8   17.3   25.7   -2.6    7.9   12.4  -14.3    3.8   -7.5   -8.4 
        
         Std  Error: All    30.6   23.2   25.8   31.3   35.8   25.8   25.2     34   31.4   29.2   29.8   30.1 
                      Hs    29.7   24.8   26.5   29.4     33   26.1   25.2   29.4   29.4   29.4   26.6   27.9 
                      Bs    31.1   21.5     25     30   28.2   25.5   24.7   31.4   33.3   28.6   30.7   32.1 
        
         Rms  Error: All    31.4   23.6   28.4   32.1   36.5   25.8   27.5     34   33.8   29.1   29.8   32.1 
                      Hs    31.6   25.4   29.8   29.4   34.8   26.1   29.1   34.4   31.3   29.5     28     31 
                      Bs    31.2   21.6   26.8   34.5   38.1   25.6   25.9   33.7   36.1   28.8   31.5   33.1 
       ------------------------------------------------------------------------------------------------------------
