
   *** Bell Statistics Summary
       ------------------------------------------------------------------------------------------------------------
         Bell Number:       1      2      3      4      5      6      7      8      9      0      E      T    
       ------------------------------------------------------------------------------------------------------------
         Mean Error: All    17.9    1.2    8.7   15.7  -16.3   -5.6      0  -19.9   13.5  -13.7   -0.5   -3.4 
                      Hs      18    1.4   -2.8    2.9    -28   -7.6   -0.8  -19.3    9.4  -17.4   -6.7   -0.2 
                      Bs    17.7      1   20.3   28.6   -4.6   -3.6    0.9  -20.6   17.5    -10    5.8   -6.5 
        
         Std  Error: All    22.8     23   24.4   27.1     28   25.4   25.5   25.7   23.3   28.5   22.1   20.6 
                      Hs    23.8   23.3   22.7   22.4     28   26.4   28.1   28.8   22.5   30.3   19.1   20.7 
                      Bs    21.9   22.7   20.2   25.3   22.7   24.2   22.6   22.2   23.4   26.1   23.3   20.2 
        
         Rms  Error: All      29   22.9   25.9   31.3   32.4   25.9   25.4   32.5   26.9   31.5   22.1   20.9 
                      Hs    29.8   23.2   22.8   22.5   39.5   27.4     28   34.6   24.4   34.9   20.2   20.6 
                      Bs    28.1   22.7   28.6   38.1   23.1   24.4   22.6   30.2   29.2   27.8   23.9   21.1 
       ------------------------------------------------------------------------------------------------------------
