
   *** Bell Statistics Summary
       ------------------------------------------------------------------------------------------------------------
         Bell Number:       1      2      3      4      5      6      7      8      9      0      E      T    
       ------------------------------------------------------------------------------------------------------------
         Mean Error: All    15.9    4.5   22.6     -1  -11.4    2.5    0.1   -0.2  -16.8  -20.4    1.7    0.7 
                      Hs    16.4    9.8   20.1  -26.9  -23.6    5.3   12.5    3.2  -18.4  -17.1   -5.9  -14.4 
                      Bs    15.4   -0.9   25.2   25.1    0.9   -0.4  -12.4   -3.6  -15.1  -23.6    9.3   15.9 
        
         Std  Error: All    28.2   23.5   23.8   36.4   34.6     26     30     25   23.3   29.4   25.9   30.8 
                      Hs    30.3   24.8   25.9   25.2   38.4   27.3   31.1   22.8   23.5   32.4   25.6   26.9 
                      Bs    26.1   20.9   21.3   25.8   24.8   24.3   22.9   26.8   23.1   25.9   24.1   26.6 
        
         Rms  Error: All    32.3   23.9   32.8   36.4   36.3     26   29.9     25   28.7   35.7   25.9   30.7 
                      Hs    34.3   26.5   32.7   36.8     45   27.7   33.5   22.9   29.7   36.5   26.2   30.5 
                      Bs    30.2   20.8   32.9   35.9   24.7   24.2   25.9   26.9   27.5   34.9   25.7   30.9 
       ------------------------------------------------------------------------------------------------------------
