
   *** Bell Statistics Summary
       ------------------------------------------------------------------------------------------------------------
         Bell Number:       1      2      3      4      5      6      7      8      9      0      E      T    
       ------------------------------------------------------------------------------------------------------------
         Mean Error: All     7.3    4.3   -8.8    1.9   -2.1   -6.2   -3.5    6.5    2.7    0.2    1.6   -3.7 
                      Hs     3.2      3   -7.6   -1.5   -9.6   -5.5   -3.3    1.8    5.9    1.6   -0.3  -13.5 
                      Bs    11.4    5.5    -10    5.3    5.4   -6.9   -3.6   11.1   -0.5   -1.2    3.5    6.2 
        
         Std  Error: All    21.3   18.7   20.5   20.2   26.9     21   24.2   22.9   23.5   23.9   20.8   25.1 
                      Hs    20.1   19.6   21.7   20.9   28.2     22   21.2   20.9   22.6   26.2     20   22.8 
                      Bs    21.7   17.7   19.1     19   23.3   19.9   26.9     24   24.2   21.5   21.4   23.4 
        
         Rms  Error: All    22.5   19.1   22.2   20.3   26.9   21.8   24.4   23.8   23.6   23.9   20.8   25.3 
                      Hs    20.2   19.7     23   20.9   29.7   22.6   21.4   20.9   23.2   26.1     20   26.4 
                      Bs    24.5   18.5   21.5   19.6   23.8     21     27   26.4   24.1   21.4   21.6   24.1 
       ------------------------------------------------------------------------------------------------------------
