
   *** Bell Statistics Summary
       ------------------------------------------------------------------------------------------------------------
         Bell Number:       1      2      3      4      5      6      7      8      9      0      E      T    
       ------------------------------------------------------------------------------------------------------------
         Mean Error: All     4.7   -3.6   -0.4    1.3   -2.4    8.4    6.7   -3.7    4.8   -2.2   -0.4  -11.6 
                      Hs     0.1  -14.1   -4.9   12.2  -11.8   10.3    8.5   -3.9   -4.4   -2.6   -4.3    -18 
                      Bs     9.3    6.8    4.2   -9.6    6.9    6.5      5   -3.6   14.1   -1.8    3.5   -5.2 
        
         Std  Error: All    30.7   37.1   27.2   46.9   30.4   36.1   29.6   32.6   31.3   31.9   31.8   25.3 
                      Hs      29   44.1   27.8   56.4   30.3   41.7   30.9   36.5   29.7   35.3   31.6   23.9 
                      Bs    31.7   24.3   25.9   31.8   27.5   29.5   28.3   28.3   30.3   28.2   31.7   25.2 
        
         Rms  Error: All      31   37.2   27.2   46.9   30.4     37   30.3   32.7   31.6   31.9   31.8   27.8 
                      Hs    28.9   46.1   28.1   57.4   32.4   42.8   31.9   36.5   29.9   35.2   31.7   29.8 
                      Bs    32.9   25.2   26.2   33.1   28.2   30.1   28.6   28.4   33.3   28.2   31.8   25.7 
       ------------------------------------------------------------------------------------------------------------
