
   *** Bell Statistics Summary
       ------------------------------------------------------------------------------------------------------------
         Bell Number:       1      2      3      4      5      6      7      8      9      0      E      T    
       ------------------------------------------------------------------------------------------------------------
         Mean Error: All     7.5   16.8   -3.6    3.2    8.3   -7.5   -2.1   -7.9    7.3  -16.6   -1.5   -6.3 
                      Hs       6   19.5   -3.2   -1.1  -11.5   -6.8  -12.2  -21.1   12.5  -18.3   -3.7  -10.5 
                      Bs       9     14     -4    7.6   28.1   -8.2      8    5.3    2.1  -14.8    0.8   -2.2 
        
         Std  Error: All    24.8   22.6     22   21.1     30   22.4   25.6   28.9   24.5   25.6   25.9   19.9 
                      Hs    24.6   23.3   24.3   19.4   22.5   21.6   24.1   25.4     23   27.1   28.1   20.5 
                      Bs    24.9   21.6   19.6     22   22.6   23.2     23     26   25.1   23.9   23.4   18.5 
        
         Rms  Error: All    25.8   28.1   22.3   21.4     31   23.6   25.6   29.9   25.6   30.4   25.9   20.9 
                      Hs    25.2   30.3   24.4   19.4   25.2   22.5   26.9     33   26.1   32.6   28.2   22.9 
                      Bs    26.4   25.7   19.9   23.2     36   24.6   24.3   26.4   25.1   28.1   23.3   18.6 
       ------------------------------------------------------------------------------------------------------------
