
   *** Bell Statistics Summary
       ------------------------------------------------------------------------------------------------------------
         Bell Number:       1      2      3      4      5      6      7      8      9      0      E      T    
       ------------------------------------------------------------------------------------------------------------
         Mean Error: All     1.6   -5.3   16.8    9.2   -1.9   10.4    5.7    4.3   -4.7  -24.8  -19.6    8.7 
                      Hs     1.9  -12.9   11.6   24.8   -5.7    1.4    4.7   11.7    -11  -26.4  -19.9   -2.4 
                      Bs     1.3    2.3   22.1   -6.5    1.8   19.3    6.7     -3    1.6  -23.3  -19.2   19.9 
        
         Std  Error: All    30.8   33.1   25.8     36   26.5   29.6   33.5   29.2     31   29.5   30.1     26 
                      Hs    31.5   32.6     26   28.7   28.4   29.7   33.5   27.9   32.2   30.9   28.5   22.4 
                      Bs    30.2     32   24.7   35.9   23.9   26.8   33.7   28.7   28.4     28   31.6   24.5 
        
         Rms  Error: All    30.8   33.5   30.8   37.1   26.5   31.3   33.9   29.4   31.3   38.5   35.8   27.4 
                      Hs    31.4   34.9   28.3   37.8   28.9   29.6   33.7   30.1   33.9   40.5   34.7   22.5 
                      Bs    30.1     32   33.1   36.4   23.9   32.9   34.2   28.7   28.4   36.3   36.9   31.5 
       ------------------------------------------------------------------------------------------------------------
