
   *** Bell Statistics Summary
       --------------------------------------------------------------------------------------------------
         Bell Number:       1      2      3      4      5      6      7      8      9      0    
       --------------------------------------------------------------------------------------------------
         Mean Error: All     1.7   24.4   -0.5    0.3      5  -13.5   -5.3   -6.5   -3.4   -4.3 
                      Hs     2.5   18.9    9.4    6.5   -8.1  -27.2   -7.6   -5.4   -1.9  -23.3 
                      Bs     0.8   29.9  -10.5     -6   18.2    0.3     -3   -7.6   -4.9   14.7 
        
         Std  Error: All    33.4   21.7   25.2   26.7   25.9     29   29.1   22.1   23.1     27 
                      Hs    31.8   21.8   25.8   28.1   26.1   28.2   28.5   23.5   25.1   21.3 
                      Bs    35.1   20.2   20.2   23.7   17.8   22.6   29.6   20.6   20.8   16.8 
        
         Rms  Error: All    33.4   32.6   25.2   26.7   26.3   31.9   29.6     23   23.3   27.3 
                      Hs    31.8   28.8   27.4   28.8   27.2   39.1   29.5     24   25.1   31.5 
                      Bs      35     36   22.8   24.4   25.4   22.6   29.7   21.9   21.3   22.3 
       --------------------------------------------------------------------------------------------------
