1234567890
1234567890
1234567890
1234567890
1234567890
1234567890
1234567890
1234567890
1234567890
1234567890
1234567890
1234567890
1234567890
1234567890
1234567890
1234567890
1234567890
1234567890
1234567890
1234567890
1234567890
1234567890
1234567890
1234567890
1234567890
1234567890
1234567890
1234567890
2135476980
2314567890
3241657890
2346175980
2431657890
4236175980
4321657890
3426175980
4362719580
4637291850
6432719580
6347291850
3642719580
3467291850
4376921580
3479612850
3746921580
7349612850
7436921580
4739612850
7493168250
7941386520
9743168250
9471386520
4973168250
4791386520
7419835620
4718953260
4179835620
1478953260
1749835620
7148953260
1784592360
1875429630
8174592360
8715429630
7814592360
7185429630
1758246930
7152864390
7518246930
5712864390
5178246930
1572864390
5127683490
5216738940
2517683490
2156738940
1257683490
1526738940
5162379840
1563297480
1652379840
6153297480
6512379840
5613297480
6531924780
6359142870
3651924780
3569142870
5361924780
5639142870
6593418270
5694381720
5963418270
9564381720
9653418270
6954381720
9645831270
9468513720
4965831270
4698513720
6495831270
6948513720
9684157320
6981475230
6894157320
8691475230
8964157320
9861475230
8916745230
8197654320
1896745230
1987654320
9186745230
9817654320
8971563420
9875136240
9781563420
7985136240
7891563420
8795136240
7859316420
7583961240
5789316420
5873961240
8579316420
8753961240
7835692140
8736529410
8375692140
3876529410
3785692140
7386529410
3768254910
3672845190
6378254910
6732845190
7638254910
7362845190
3726481590
7324618950
7236481590
2734618950
2376481590
3274618950
2347169850
2431796580
4237169850
4321796580
3427169850
3241796580
2314975680
3219457860
3124975680
1329457860
1234975680
2139457860
1293548760
1925384670
9123548760
9215384670
2913548760
2195384670
1259834760
2158943670
2519834760
5218943670
5129834760
1528943670
5182496370
5814269730
8512496370
8154269730
1852496370
1584269730
5148629370
1546892730
1458629370
4156892730
4518629370
5416892730
4561982370
4659128730
6451982370
6549128730
5641982370
5469128730
4596218370
5492681730
5946218370
9542681730
9456218370
4952681730
9425867130
9248576310
2945867130
2498576310
4295867130
4928576310
9482753610
4987235160
4892753610
8497235160
8942753610
9847235160
8974325610
8793452160
7894325610
7983452160
9784325610
9873452160
8937541260
9835714620
9387541260
3985714620
3897541260
8395714620
3859174260
3581947620
5389174260
5831947620
8539174260
8351947620
3815496720
8314569270
8135496720
1834569270
1385496720
3184569270
1348652970
1436825790
4138652970
4316825790
3418652970
3146825790
1364287590
3162478950
3614287590
6312478950
6134287590
1632478950
6123748590
6217384950
2613748590
2167384950
1263748590
1627384950
6172839450
1678293540
1762839450
7168293540
7612839450
6718293540
7681925340
7869152430
8761925340
8679152430
6871925340
6789152430
7698514230
6795841320
6978514230
9675841320
9768514230
7965841320
9756483120
9574638210
5976483120
5794638210
7596483120
7954638210
9745362810
7943526180
7495362810
4793526180
4975362810
9473526180
4937251680
4392715860
3497251680
3942715860
9347251680
9432715860
4923178560
9421387650
9243178560
2941387650
2493178560
4291387650
2419836750
2148963570
1249836750
1428963570
4129836750
4218963570
2481693750
4286139570
4821693750
8426139570
8241693750
2846139570
8264315970
8623451790
6824315970
6283451790
2684315970
2863451790
8236547190
2835674910
2386547190
3285674910
3826547190
8325674910
3852764190
3587246910
5382764190
5837246910
8532764190
8357246910
3875429610
8374592160
8735429610
7834592160
7385429610
3784592160
7348951260
7439815620
4738951260
4379815620
3478951260
3749815620
7394185620
3791458260
3974185620
9371458260
9734185620
7931458260
9713542860
9175324680
1973542860
1795324680
7193542860
7915324680
9751236480
7952163840
7591236480
5792163840
5971236480
9572163840
5927618340
5296781430
2597618340
2956781430
9257618340
9526781430
5962871430
9568217340
9652871430
6958217340
6592871430
5698217340
6589127430
6851972340
8659127430
8561972340
5869127430
5681972340
6518793240
5617839420
5168793240
1567839420
1658793240
6157839420
1675384920
1763548290
7165384920
7613548290
6715384920
6173548290
1637452890
6134725980
6317452890
3614725980
3167452890
1364725980
3146275890
3412657980
4316275890
4132657980
1436275890
1342657980
3124567890
1325476980
1234567890
1234567890
1234567890
1234567890
