
   *** Bell Statistics Summary
       ------------------------------------------------------------------------------
         Bell Number:       1    2    3    4    5    6    7    8    9    0    E    T  
       ------------------------------------------------------------------------------
         Mean Error: All    10   10  -10   -7   -7  -10    5    5  -11    2   10    2 
                      Hs    10   15  -14   -9   -9  -15    3   -6  -14   -4   11  -11 
                      Bs    10    6   -5   -5   -6   -5    8   16   -8    7    9   15 
        
         Std  Error: All    20   21   26   25   23   28   31   27   27   28   21   26 
                      Hs    21   22   26   28   24   28   32   24   26   31   22   24 
                      Bs    19   18   25   23   22   27   30   24   28   23   20   21 
        
         Rms  Error: All    22   23   27   26   24   30   31   27   29   28   23   26 
                      Hs    23   27   29   29   25   32   32   25   29   31   25   27 
                      Bs    21   18   25   24   23   28   30   29   29   24   22   26 
       ------------------------------------------------------------------------------
