
   *** Bell Statistics Summary
       ------------------------------------------------------------------------------------------------------------
         Bell Number:       1      2      3      4      5      6      7      8      9      0      E      T    
       ------------------------------------------------------------------------------------------------------------
         Mean Error: All    17.7    0.6   -7.8   -2.1    9.9   -4.1      3    4.5  -21.2   -0.8      6   -5.2 
                      Hs    14.8    3.6  -10.1   -5.1    5.3   -7.2    1.7    3.4  -24.7   -5.7      0   -8.6 
                      Bs    20.6   -2.5   -5.4    0.9   14.5   -1.1    4.2    5.5  -17.7    4.1   12.1   -1.9 
        
         Std  Error: All    18.5   25.1   18.5     25   21.2   22.2     22   21.2   26.4   23.8   21.7   16.2 
                      Hs    18.6   27.6     19     26     22   22.8   23.9   20.1   27.8   24.6   21.2     16 
                      Bs      18   21.9   17.7   23.7   19.5   21.3   19.8   22.3   24.4   22.1   20.5   15.8 
        
         Rms  Error: All    25.6     25     20     25   23.4   22.6   22.1   21.6   33.8   23.8   22.5     17 
                      Hs    23.7   27.8   21.5   26.4   22.5   23.8   23.9   20.3   37.2   25.1   21.1   18.1 
                      Bs    27.3     22   18.5   23.6   24.2   21.3   20.2   22.9   30.1   22.4   23.8   15.9 
       ------------------------------------------------------------------------------------------------------------
