
   *** Bell Statistics Summary
       ------------------------------------------------------------------------------
         Bell Number:       1    2    3    4    5    6    7    8    9    0    E    T  
       ------------------------------------------------------------------------------
         Mean Error: All     4    6   -3   -7   -4   -2    1    1   -2    1    0    3 
                      Hs     5    1   -7  -13   -2    1   -6   -9   -1  -10    0    2 
                      Bs     4   10    0    0   -6   -5    9   11   -3   12    0    4 
        
         Std  Error: All    21   20   25   26   22   24   30   24   26   29   22   24 
                      Hs    24   21   27   27   24   26   33   21   25   27   23   26 
                      Bs    17   18   22   23   19   20   25   22   27   26   20   23 
        
         Rms  Error: All    21   21   25   27   22   24   30   23   26   29   22   25 
                      Hs    24   21   28   30   24   26   34   23   25   28   23   26 
                      Bs    18   21   22   23   20   21   27   24   27   29   20   24 
       ------------------------------------------------------------------------------
