
   *** Bell Statistics Summary
       ------------------------------------------------------------------------------------------------------------
         Bell Number:       1      2      3      4      5      6      7      8      9      0      E      T    
       ------------------------------------------------------------------------------------------------------------
         Mean Error: All    21.8    4.7   -7.9    2.2      2   -6.1     -9   -6.8    6.2   -6.9   -0.5   -3.3 
                      Hs    14.8    8.4    -10  -11.9   -9.1  -10.6     -8   -7.9   17.2  -13.9    -12  -12.7 
                      Bs    28.8      1   -5.8   16.4   13.3   -1.6    -10   -5.6   -4.9    0.2   11.1      6 
        
         Std  Error: All    25.7   24.1   25.6   26.8   26.7   22.8     29     27   28.9     26   26.1   23.8 
                      Hs    23.2   26.4   29.3   23.3   23.7   24.3   29.9   29.7   27.8   24.4   25.1   22.4 
                      Bs    26.3   21.1   21.1   22.2   24.8   20.3   28.1   23.9   25.7   25.6   21.7   21.4 
        
         Rms  Error: All    33.6   24.5   26.8   26.8   26.7   23.6   30.3   27.8   29.5   26.8     26     24 
                      Hs    27.4   27.6   30.9     26   25.3   26.4   30.9   30.7   32.5     28   27.7   25.6 
                      Bs    38.9   21.1   21.8   27.5   28.1   20.3   29.7   24.5   26.1   25.5   24.3   22.2 
       ------------------------------------------------------------------------------------------------------------
