
   *** Bell Statistics Summary
       ------------------------------------------------------------------------------
         Bell Number:       1    2    3    4    5    6    7    8    9    0    E    T  
       ------------------------------------------------------------------------------
         Mean Error: All     5    9  -17  -10    9   -5    6    2    9   -2   10  -15 
                      Hs     2    6  -20  -10   -1  -11    4   -8    9  -11    5  -21 
                      Bs     8   12  -14   -9   19    1    8   12    9    6   15  -10 
        
         Std  Error: All    30   24   27   25   27   32   26   28   29   31   24   21 
                      Hs    30   25   30   27   25   33   28   25   29   31   24   20 
                      Bs    29   23   24   23   26   29   24   27   29   29   23   20 
        
         Rms  Error: All    30   26   32   27   29   32   26   28   30   31   26   26 
                      Hs    31   26   36   29   25   35   28   26   30   33   24   29 
                      Bs    30   26   28   25   32   29   25   29   30   29   28   23 
       ------------------------------------------------------------------------------
