
   *** Bell Statistics Summary
       ------------------------------------------------------------------------------------------------------------
         Bell Number:       1      2      3      4      5      6      7      8      9      0      E      T    
       ------------------------------------------------------------------------------------------------------------
         Mean Error: All     4.8   -1.9   -8.4      3    1.7    0.5    7.1   10.6  -11.3   -2.1    2.3   -6.4 
                      Hs     2.1   -3.2   -9.9    3.4    1.8    0.4    4.3    6.4  -14.4   -6.7   -0.9  -12.5 
                      Bs     7.5   -0.5   -6.9    2.6    1.6    0.5    9.9   14.9   -8.2    2.6    5.6   -0.4 
        
         Std  Error: All    20.1   24.9     18   21.9     22   23.4   23.7   23.9   23.2   24.6   19.9   16.9 
                      Hs    20.7     28   19.4   21.8   22.6     24   24.5   21.9   23.8   24.9   20.5   14.5 
                      Bs    19.2   21.4   16.4     22   21.4   22.9   22.7   25.2   22.2   23.5   18.9     17 
        
         Rms  Error: All    20.6   24.9   19.8     22     22   23.4   24.7   26.1   25.7   24.6     20   18.1 
                      Hs    20.7     28   21.7     22   22.6   23.9   24.8   22.7   27.7   25.7   20.4   19.1 
                      Bs    20.6   21.4   17.7   22.1   21.4   22.8   24.7   29.2   23.6   23.6   19.6     17 
       ------------------------------------------------------------------------------------------------------------
