
   *** Bell Statistics Summary
       ------------------------------------------------------------------------------------------------------------
         Bell Number:       1      2      3      4      5      6      7      8      9      0      E      T    
       ------------------------------------------------------------------------------------------------------------
         Mean Error: All    11.1    6.8  -15.4   -0.5   -2.4   -5.4    4.8    5.2     -2   -2.7   -9.9   13.2 
                      Hs    10.3    5.9   -9.5   -1.6   -8.8   -5.2    4.8   -1.1    2.9     -2   -8.2    3.4 
                      Bs      12    7.8  -21.4    0.7      4   -5.7    4.8   11.5   -6.8   -3.4  -11.5     23 
        
         Std  Error: All    21.4   22.8   22.7   22.1   27.8   23.3   24.3   26.3   24.3   25.7   20.3   26.3 
                      Hs    20.4   23.9     23   23.2   30.4   22.9   25.8   26.2   22.5   27.3   20.6   25.2 
                      Bs    22.4   21.8   20.8     21   23.3   23.8   22.8   24.9   25.1   24.2   19.9   23.5 
        
         Rms  Error: All    24.1   23.8   27.4   22.1   27.9   23.9   24.7   26.7   24.3   25.8   22.5   29.3 
                      Hs    22.8   24.5   24.8   23.2   31.6   23.4   26.2   26.1   22.6   27.2   22.1   25.4 
                      Bs    25.3     23   29.7     21   23.6   24.4   23.2   27.4   25.9   24.4   22.9   32.8 
       ------------------------------------------------------------------------------------------------------------
