
   *** Bell Statistics Summary
       ------------------------------------------------------------------------------------------------------------
         Bell Number:       1      2      3      4      5      6      7      8      9      0      E      T    
       ------------------------------------------------------------------------------------------------------------
         Mean Error: All    -6.3   -1.7  -10.5   10.3    8.2   -0.1   -3.2    0.5      6    0.2   -5.4   -0.3 
                      Hs    -2.2    1.9   -8.8    2.8   -3.3   -0.5   -2.4   -9.2    2.8   -0.4   -9.1   -7.7 
                      Bs   -10.5   -5.3  -12.1   17.7   19.7    0.4     -4   10.1    9.3    0.8   -1.7    7.2 
        
         Std  Error: All    24.8   25.1   22.2   27.6   27.3   24.7   28.5   28.2   25.6   28.8   24.2   27.9 
                      Hs    25.9   24.6   24.5   26.8   23.5   25.3   29.7   26.8   27.8   30.8     26   26.6 
                      Bs    22.9   25.1   19.6   26.4   26.1   24.2   27.4   26.4   22.7   26.8   21.7   27.2 
        
         Rms  Error: All    25.5   25.1   24.5   29.4   28.5   24.6   28.6   28.2   26.2   28.8   24.7   27.8 
                      Hs    25.9   24.6   25.9   26.8   23.6   25.2   29.7   28.2   27.9   30.7   27.4   27.6 
                      Bs    25.1   25.5     23   31.7   32.6   24.1   27.6   28.1   24.5   26.8   21.7     28 
       ------------------------------------------------------------------------------------------------------------
