
   *** Bell Statistics Summary
       ------------------------------------------------------------------------------------------------------------
         Bell Number:       1      2      3      4      5      6      7      8      9      0      E      T    
       ------------------------------------------------------------------------------------------------------------
         Mean Error: All    13.3   -3.2   -4.2    1.5    1.9    7.3   -6.5   -6.4   10.2  -17.6     10   -3.6 
                      Hs    12.4  -12.9   -4.8    7.3    0.3      1   -5.4   -0.9    9.8  -17.9    2.9  -12.8 
                      Bs    14.3    6.5   -3.7   -4.4    3.6   13.6   -7.6    -12   10.5  -17.2     17    5.6 
        
         Std  Error: All    24.6   28.7   28.4   31.1   28.6   26.8   27.4   23.8   23.1   26.8   25.2   23.1 
                      Hs    25.7   25.2   28.3   29.9   28.9   25.2   26.1   23.7   24.8     26   22.5   20.9 
                      Bs    23.4   28.8   28.6   31.2   28.2   27.1   28.7   22.8   21.3   27.8   25.8   21.6 
        
         Rms  Error: All    27.9   28.8   28.6     31   28.6   27.8   28.1   24.6   25.2     32     27   23.4 
                      Hs    28.5   28.2   28.6   30.7   28.8   25.1   26.6   23.6   26.6   31.5   22.6   24.5 
                      Bs    27.3   29.4   28.7   31.4   28.4   30.2   29.6   25.7   23.7   32.6   30.8   22.2 
       ------------------------------------------------------------------------------------------------------------
