
   *** Bell Statistics Summary
       ------------------------------------------------------------------------------------------------------------
         Bell Number:       1      2      3      4      5      6      7      8      9      0      E      T    
       ------------------------------------------------------------------------------------------------------------
         Mean Error: All    19.8    3.7    3.9   11.9    -17   -5.5   -2.8  -17.5    2.7   -0.5   -0.1   -0.3 
                      Hs    17.9    4.8   -4.4    2.3  -26.2   -4.4   -1.2  -21.5   -4.6    1.2   -6.8   -1.3 
                      Bs    21.7    2.6   12.4   21.5   -7.8   -6.6   -4.5  -13.5   10.1   -2.2    6.7    0.7 
        
         Std  Error: All    23.3   22.2   21.2   25.4   28.2   24.2   25.3   26.4   25.9   26.3     21     20 
                      Hs    22.9   25.1   21.1   23.5   29.1   25.5   25.1   29.4   25.6   29.5   20.6   18.4 
                      Bs    23.6   18.8   17.7   23.5   24.1   22.9   25.5   22.4   24.2   22.6   19.2   21.5 
        
         Rms  Error: All    30.5   22.5   21.5     28   32.9   24.8   25.4   31.6     26   26.2     21   19.9 
                      Hs      29   25.5   21.4   23.6     39   25.8   25.1   36.3   25.9   29.4   21.6   18.3 
                      Bs      32   18.9   21.5   31.8   25.3   23.8   25.8     26   26.1   22.7   20.3   21.4 
       ------------------------------------------------------------------------------------------------------------
