
   *** Bell Statistics Summary
       ------------------------------------------------------------------------------------------------------------
         Bell Number:       1      2      3      4      5      6      7      8      9      0      E      T    
       ------------------------------------------------------------------------------------------------------------
         Mean Error: All    12.9   -4.2   -5.5    3.7    9.8   -4.8    4.3   -1.5    -21    1.7    4.5     -1 
                      Hs    11.7   -0.7   -4.9    4.8    7.7   -4.5    3.3   -5.2  -27.5    0.3   -3.8   -8.2 
                      Bs      14   -7.6   -6.1    2.6   11.9   -5.1    5.2    2.3  -14.6      3   12.9    6.2 
        
         Std  Error: All    19.1   26.1     20   23.9   22.5     22   20.8   28.8   29.2   25.6   24.5   20.5 
                      Hs    19.3   28.4   20.1   25.8   23.7   23.3   21.6   27.9   32.1   27.7     24   19.1 
                      Bs      19   23.1     20   21.8   21.2   20.6     20   29.3   24.3   23.4   22.1   19.4 
        
         Rms  Error: All      23   26.4   20.7   24.1   24.5   22.5   21.2   28.8   35.9   25.6   24.8   20.5 
                      Hs    22.5   28.3   20.6   26.2   24.8   23.7   21.8   28.3   42.2   27.6   24.2   20.7 
                      Bs    23.5   24.3   20.9   21.9   24.2   21.2   20.6   29.3   28.3   23.5   25.5   20.3 
       ------------------------------------------------------------------------------------------------------------
