
   *** Bell Statistics Summary
       ------------------------------------------------------------------------------
         Bell Number:       1    2    3    4    5    6    7    8    9    0    E    T  
       ------------------------------------------------------------------------------
         Mean Error: All    10    9   -7  -11   -4   -1    3    4   -9   -2   16   -8 
                      Hs    11    7   -9  -17  -11   -4   -5  -11  -15  -10   25  -23 
                      Bs     9   12   -6   -5    3    2   11   19   -3    6    7    6 
        
         Std  Error: All    25   26   27   28   25   28   34   28   30   28   23   28 
                      Hs    27   31   28   30   25   30   37   22   31   29   20   24 
                      Bs    21   19   26   24   23   26   29   26   28   24   22   23 
        
         Rms  Error: All    26   27   28   30   25   28   34   29   31   28   28   29 
                      Hs    29   31   30   34   27   31   38   24   34   30   32   33 
                      Bs    23   23   26   24   24   26   31   32   29   25   23   24 
       ------------------------------------------------------------------------------
