
   *** Bell Statistics Summary
       ------------------------------------------------------------------------------------------------------------
         Bell Number:       1      2      3      4      5      6      7      8      9      0      E      T    
       ------------------------------------------------------------------------------------------------------------
         Mean Error: All     8.8    3.2   -3.7    5.8   -2.4   -1.9   -8.8    4.2   -9.7   -1.1    4.7    1.3 
                      Hs     4.9    4.8   -1.5    4.8  -13.9   -6.7  -11.3   -1.6   -8.6   -3.5    1.9   -0.2 
                      Bs    12.7    1.6   -5.8    6.8    9.1    2.8   -6.3     10  -10.9    1.3    7.5    2.7 
        
         Std  Error: All    22.3   21.1   19.6   21.6   27.4   21.2   19.7   21.9   22.5   26.6   16.5   22.1 
                      Hs    23.3   21.6   20.9   20.8   26.7   21.4   20.4     21   23.9   31.4   16.8     23 
                      Bs    20.5   20.7     18   22.4   22.9     20   18.7   21.2   21.2   20.7   15.8   21.1 
        
         Rms  Error: All    23.9   21.3   19.9   22.3   27.5   21.2   21.6   22.2   24.5   26.6   17.1   22.1 
                      Hs    23.7     22   20.8   21.3   30.1   22.3   23.3     21   25.3   31.4   16.8   22.9 
                      Bs    24.1   20.6   18.8   23.3   24.6   20.1   19.7   23.3   23.7   20.6   17.5   21.2 
       ------------------------------------------------------------------------------------------------------------
