
   *** Bell Statistics Summary
       ------------------------------------------------------------------------------------------------------------
         Bell Number:       1      2      3      4      5      6      7      8      9      0      E      T    
       ------------------------------------------------------------------------------------------------------------
         Mean Error: All    13.7   12.8   -9.8   -3.2      7    4.7   -1.1   -3.7    -11   -4.8   -2.8   -4.1 
                      Hs    12.3   13.9  -12.1   -8.5   -3.2   -1.7   -2.3  -11.1  -10.1   -9.3    0.6   -5.1 
                      Bs    15.1   11.7   -7.6    2.2   17.1   11.2      0    3.8  -11.9   -0.4   -6.2   -3.2 
        
         Std  Error: All    24.5   20.7   24.4   25.8   28.8   24.6   23.6   31.2     28   26.6   26.2   28.5 
                      Hs    23.2   21.6   25.9   27.2   28.6   23.8   21.4     28   28.5   28.3   26.4   29.6 
                      Bs    25.7   19.7   22.8   23.2   25.2   23.7   25.7   32.5   27.6   24.1   25.7   27.5 
        
         Rms  Error: All      28   24.3   26.3     26   29.5     25   23.6   31.3   30.1     27   26.3   28.8 
                      Hs    26.2   25.7   28.5   28.4   28.7   23.8   21.5     30   30.1   29.7   26.4   29.9 
                      Bs    29.7   22.8     24   23.2   30.4   26.1   25.6   32.6     30     24   26.3   27.6 
       ------------------------------------------------------------------------------------------------------------
