
   *** Bell Statistics Summary
       ------------------------------------------------------------------------------------------------------------
         Bell Number:       1      2      3      4      5      6      7      8      9      0      E      T    
       ------------------------------------------------------------------------------------------------------------
         Mean Error: All     2.1   -2.2   -7.5   -3.8    2.4    0.4    2.6    7.5   -9.5    0.8    4.9    2.1 
                      Hs     4.6    1.6  -10.6   -0.4   -5.8   -1.8   -0.7   -7.9   -5.2   -0.7      5   -9.6 
                      Bs    -0.5   -5.9   -4.5   -7.3   10.6    2.5    5.9   22.9  -13.8    2.3    4.9   13.8 
        
         Std  Error: All      24   25.4     21   27.5   22.1   24.6   24.3   29.7   24.4     27   23.2   28.9 
                      Hs    25.6   26.7   22.4   25.2   21.1   27.5   24.6   24.4   21.7     27     25   27.7 
                      Bs    22.2   23.5   19.2   29.3   19.9   21.2   23.7   26.4   26.3   27.1   21.4   25.3 
        
         Rms  Error: All    24.1   25.4   22.3   27.7   22.2   24.6   24.4   30.6   26.2     27   23.7     29 
                      Hs    25.9   26.6   24.7   25.1   21.8   27.5   24.6   25.5   22.2   26.9   25.4   29.3 
                      Bs    22.1   24.2   19.6   30.1   22.5   21.3   24.3   34.9   29.6   27.1   21.9   28.7 
       ------------------------------------------------------------------------------------------------------------
