
   *** Bell Statistics Summary
       ------------------------------------------------------------------------------------------------------------
         Bell Number:       1      2      3      4      5      6      7      8      9      0      E      T    
       ------------------------------------------------------------------------------------------------------------
         Mean Error: All    12.7    3.5    7.9    5.1  -12.7    3.7   -0.8   -9.3   -9.2  -12.5    4.5   -0.9 
                      Hs     9.2    4.2    3.3  -14.3  -25.6    5.3    5.3   -8.4  -11.8  -16.2     -5  -15.2 
                      Bs    16.2    2.8   12.6   24.4    0.1    2.2     -7  -10.2   -6.6   -8.9   14.1   13.4 
        
         Std  Error: All    23.5   21.8   22.5   29.7   28.7   22.1   27.5   21.9   21.4   29.2   25.1   28.2 
                      Hs      23   23.5   24.3   22.2   24.9   23.5   29.7   22.8   19.8   30.6   24.1   23.8 
                      Bs    23.7   20.1   19.7   22.9   26.5   20.6   23.9   20.9   22.7   27.4   22.5   24.9 
        
         Rms  Error: All    26.7     22   23.8     30   31.3   22.4   27.5   23.7   23.2   31.7   25.5   28.1 
                      Hs    24.7   23.7   24.4   26.3   35.6     24   29.9   24.2   22.9   34.4   24.5   28.1 
                      Bs    28.6   20.1   23.3   33.3   26.4   20.6   24.7   23.1   23.5   28.6   26.4   28.1 
       ------------------------------------------------------------------------------------------------------------
