
   *** Bell Statistics Summary
       ------------------------------------------------------------------------------------------------------------
         Bell Number:       1      2      3      4      5      6      7      8      9      0      E      T    
       ------------------------------------------------------------------------------------------------------------
         Mean Error: All    -2.1    8.7   -7.2      9      2   -5.6   -6.3   -9.5   24.2   -8.4      4   -8.3 
                      Hs    -4.5   14.1  -10.6   -7.7   -7.3   -7.6   -5.5   -8.1   26.2  -16.8   -1.6  -13.5 
                      Bs     0.3    3.3   -3.8   25.8   11.4   -3.7   -7.1  -10.9   22.1      0    9.5     -3 
        
         Std  Error: All    31.1   23.2   28.3   30.9   25.8     27   26.1   28.4   29.7   31.4   21.7   22.3 
                      Hs    31.3   22.6   32.3   25.9   25.2   27.7   26.5   30.7   29.9   31.4   22.6   22.3 
                      Bs    30.7   22.6   23.4   26.2     23   26.3   25.7   25.8   29.4   29.2   19.3   21.2 
        
         Rms  Error: All    31.1   24.7   29.2   32.1   25.9   27.5   26.8   29.9   38.2   32.5     22   23.8 
                      Hs    31.5   26.5   33.9   26.9   26.2   28.6   26.9   31.7   39.7   35.5   22.5     26 
                      Bs    30.6   22.7   23.6   36.7   25.6   26.4   26.6     28   36.7   29.1   21.5   21.4 
       ------------------------------------------------------------------------------------------------------------
