
   *** Bell Statistics Summary
       --------------------------------------------------------------------------------------------------
         Bell Number:       1      2      3      4      5      6      7      8      9      0    
       --------------------------------------------------------------------------------------------------
         Mean Error: All     0.8   20.5   -1.3  -10.6   -4.2    6.9    2.8   -7.7     -5   -2.3 
                      Hs     5.2   19.5   -0.1   -4.3  -12.8    1.1   -1.1   -7.9  -17.5  -12.9 
                      Bs    -3.6   21.5   -2.5    -17    4.5   12.8    6.8   -7.4    7.6    8.3 
        
         Std  Error: All    22.6   28.3   22.7     26   25.5   23.9   25.1   22.2   29.3   22.1 
                      Hs    22.8   28.3   24.1   27.4   26.9   25.7   25.7   24.1   27.8   19.3 
                      Bs    21.5   28.3   21.2   22.9   20.8   20.5   23.9   20.1     25   19.4 
        
         Rms  Error: All    22.6   34.9   22.7   28.1   25.8   24.9   25.2   23.4   29.6   22.2 
                      Hs    23.4   34.3     24   27.7   29.7   25.6   25.7   25.3   32.8   23.2 
                      Bs    21.7   35.4   21.3   28.4   21.2   24.1   24.8   21.4   26.1   21.1 
       --------------------------------------------------------------------------------------------------
