
   *** Bell Statistics Summary
       ------------------------------------------------------------------------------------------------------------
         Bell Number:       1      2      3      4      5      6      7      8      9      0      E      T    
       ------------------------------------------------------------------------------------------------------------
         Mean Error: All    18.3     11   -4.5   -5.3   -2.2  -12.7    0.2   -1.2   -7.4  -14.7    3.1    9.8 
                      Hs     9.4   21.1   -4.3  -26.4  -19.8  -16.5    2.7   -0.5    0.9  -17.9   -3.3    8.5 
                      Bs    27.3    0.9   -4.8     16   15.6   -8.9   -2.3     -2  -15.9  -11.4    9.5     11 
        
         Std  Error: All    26.6   26.1   25.4   31.7   31.3   24.3   25.3   29.3     27   25.9   21.7   20.9 
                      Hs      25   25.2   27.2     23   28.1   24.4   26.6   30.5   25.8   27.2   23.3   20.8 
                      Bs    25.2     23   23.6   24.2   23.4   23.6   23.8   28.1   25.7   24.1   18.1     21 
        
         Rms  Error: All    32.3   28.3   25.8   32.1   31.3   27.3   25.3   29.2     28   29.7   21.9     23 
                      Hs    26.6   32.8   27.4     35   34.3   29.4   26.6   30.4   25.8   32.5   23.4   22.4 
                      Bs    37.1   22.9     24     29   28.1   25.1   23.9   28.1   30.1   26.6   20.3   23.6 
       ------------------------------------------------------------------------------------------------------------
