
   *** Bell Statistics Summary
       ------------------------------------------------------------------------------------------------------------
         Bell Number:       1      2      3      4      5      6      7      8      9      0      E      T    
       ------------------------------------------------------------------------------------------------------------
         Mean Error: All    -0.7   -4.2  -10.8    8.4    0.5    0.6   -0.5    0.4   -7.7    5.8    4.7    1.9 
                      Hs    -0.4   -5.1  -10.6   15.2  -11.6   -0.8      2  -11.7   -6.2    5.7   -0.6  -12.6 
                      Bs      -1   -3.2    -11    1.7   12.6      2     -3   12.4   -9.2    5.8   10.1   16.4 
        
         Std  Error: All    19.9   23.5   21.4   26.4   23.8   23.8   25.9   26.1   23.1     25   22.9   28.3 
                      Hs    21.3   24.3   23.4   25.1   21.1   24.1   28.5   23.6   22.7     23     23   25.3 
                      Bs    18.5   22.7   19.4   26.2     20   23.5   22.9   22.7   23.6   26.9   21.7   23.5 
        
         Rms  Error: All    19.9   23.8     24   27.7   23.8   23.7   25.9     26   24.3   25.6   23.4   28.3 
                      Hs    21.2   24.8   25.6   29.2     24     24   28.4   26.3   23.4   23.6   22.9   28.1 
                      Bs    18.5   22.9   22.2   26.1   23.6   23.5     23   25.8   25.2   27.5   23.9   28.5 
       ------------------------------------------------------------------------------------------------------------
