
   *** Bell Statistics Summary
       ------------------------------------------------------------------------------------------------------------
         Bell Number:       1      2      3      4      5      6      7      8      9      0      E      T    
       ------------------------------------------------------------------------------------------------------------
         Mean Error: All     7.6    9.9   -9.9    4.5    1.1   -6.5   10.7    -11    -18     -8   17.1    2.4 
                      Hs    -0.8   16.4  -10.9    0.1   -8.5   -4.8    8.4  -23.6  -19.7    -17   26.4   -3.6 
                      Bs    16.1    3.3   -8.8      9   10.7   -8.2     13    1.7  -16.3    0.9    7.9    8.4 
        
         Std  Error: All    27.1   23.6   23.1   23.3   25.2   23.5     26   27.7   30.5     28     31   23.4 
                      Hs    26.2     24   25.7   24.5   24.6   22.3   23.8     26   31.8   27.3   23.4   25.5 
                      Bs    25.3   21.4   20.3   21.3   21.9   24.6     28   23.2   29.2   25.7   34.8   19.4 
        
         Rms  Error: All    28.1   25.6   25.1   23.7   25.1   24.4   28.1   29.7   35.3   29.1   35.4   23.4 
                      Hs    26.1   29.1   27.8   24.4   25.9   22.8   25.2   35.1   37.3   32.1   35.3   25.6 
                      Bs    29.9   21.5     22     23   24.3   25.9   30.8   23.2   33.3   25.7   35.6   21.1 
       ------------------------------------------------------------------------------------------------------------
