
   *** Bell Statistics Summary
       ------------------------------------------------------------------------------------------------------------
         Bell Number:       1      2      3      4      5      6      7      8      9      0      E      T    
       ------------------------------------------------------------------------------------------------------------
         Mean Error: All     7.8    7.3   -4.7    0.2    3.4   -2.8   -2.4    4.4   -5.5   -2.9   -1.7   -5.6 
                      Hs     6.4   11.2     -4     -8     -5   -3.3   -4.1   -7.3   -8.9  -10.7   -7.4    -13 
                      Bs     9.2    3.5   -5.5    8.4   11.8   -2.4   -0.7   16.2     -2      5      4    1.9 
        
         Std  Error: All    22.2   27.2   20.6   25.3   25.3   23.6     24   27.4   27.3   24.4   22.6   21.1 
                      Hs      22   30.3   21.5   26.1   26.1   24.7     25   24.9   29.1   23.9   21.9   18.8 
                      Bs    22.4   23.2   19.6   21.7   21.4   22.6   22.9   24.6   24.9   22.3     22   20.7 
        
         Rms  Error: All    23.5   28.1   21.1   25.3   25.5   23.7     24   27.7   27.8   24.5   22.6   21.8 
                      Hs    22.8   32.1   21.8   27.2   26.5   24.8   25.2   25.9   30.4   26.1     23   22.8 
                      Bs    24.1   23.4   20.3   23.2   24.4   22.6   22.8   29.4   24.9   22.8   22.2   20.7 
       ------------------------------------------------------------------------------------------------------------
