
   *** Bell Statistics Summary
       ------------------------------------------------------------------------------
         Bell Number:       1    2    3    4    5    6    7    8    9    0    E    T  
       ------------------------------------------------------------------------------
         Mean Error: All     5   11    4   -1   -4    2   -5    8   -7    1    2  -12 
                      Hs     0   11   10  -11   -6   -3   -6    4  -10    7   -2  -23 
                      Bs    10   11   -2   10   -2    6   -4   13   -4   -5    5    0 
        
         Std  Error: All    27   20   22   25   23   25   24   24   27   26   24   22 
                      Hs    25   22   21   23   25   25   24   25   29   26   24   21 
                      Bs    27   19   21   23   21   23   24   21   24   24   22   17 
        
         Rms  Error: All    27   23   22   25   23   25   24   25   28   25   24   25 
                      Hs    25   24   23   25   25   25   25   26   30   27   24   31 
                      Bs    29   22   21   25   21   24   24   25   25   24   23   17 
       ------------------------------------------------------------------------------
