
   *** Bell Statistics Summary
       ------------------------------------------------------------------------------------------------------------
         Bell Number:       1      2      3      4      5      6      7      8      9      0      E      T    
       ------------------------------------------------------------------------------------------------------------
         Mean Error: All    -3.1   -0.5    9.5    6.5   -8.2   12.1    9.1   -3.1    -14    2.4  -11.7    1.1 
                      Hs    -1.6   -7.5   10.5   19.1  -19.5    7.1   12.4    0.9  -25.5    2.5  -12.6   -8.2 
                      Bs    -4.5    6.5    8.6   -6.1    3.1   17.1    5.9     -7   -2.5    2.2  -10.9   10.4 
        
         Std  Error: All    29.2   33.7     24   29.9   29.9   25.8   30.1   27.7   28.5   28.6   30.6   25.9 
                      Hs    28.9   33.2   22.6   28.7   29.9   23.2   27.6   24.1     26   24.6   25.6   21.6 
                      Bs    29.7   32.9   25.4   25.6   25.4   27.4   32.1   30.5   26.3   32.1     35   26.6 
        
         Rms  Error: All    29.3   33.7   25.8   30.6     31   28.5   31.4   27.9   31.7   28.6   32.7   25.9 
                      Hs    28.8   33.9   24.8   34.4   35.6   24.1   30.2     24   36.3   24.6   28.4     23 
                      Bs    29.9   33.4   26.7   26.2   25.5   32.3   32.5   31.2   26.3   32.1   36.5   28.4 
       ------------------------------------------------------------------------------------------------------------
