
   *** Bell Statistics Summary
       ------------------------------------------------------------------------------------------------------------
         Bell Number:       1      2      3      4      5      6      7      8      9      0      E      T    
       ------------------------------------------------------------------------------------------------------------
         Mean Error: All     0.3   -4.8   -5.9   10.2    2.3   -5.6   -2.3    1.3    6.6    0.6   -0.6   -2.7 
                      Hs     4.8   -7.1   -4.8    4.5   -5.9   -5.1   -0.2   -8.7   11.2   -3.5   -6.3  -16.2 
                      Bs    -4.2   -2.4     -7     16   10.5   -6.1   -4.4   11.2      2    4.8    5.2   10.9 
        
         Std  Error: All    25.7   21.7   20.1   28.8     22     23   25.1     25     23   24.7   20.8   26.2 
                      Hs    25.7   23.3     23   31.9   19.4     24     26   22.7   20.5   25.4   21.2   24.1 
                      Bs      25   19.7   16.8   24.1   21.5   22.2     24   23.3   24.4   23.4   18.8   20.7 
        
         Rms  Error: All    25.7   22.2   20.9   30.5   22.1   23.7   25.1     25   23.9   24.7   20.8   26.3 
                      Hs    26.1   24.3   23.4   32.1   20.2   24.4   25.9   24.2   23.3   25.5   22.1     29 
                      Bs    25.2   19.8   18.1   28.8   23.9   22.9   24.4   25.8   24.4   23.8   19.4   23.3 
       ------------------------------------------------------------------------------------------------------------
