
   *** Bell Statistics Summary
       ------------------------------------------------------------------------------------------------------------
         Bell Number:       1      2      3      4      5      6      7      8      9      0      E      T    
       ------------------------------------------------------------------------------------------------------------
         Mean Error: All    16.6   18.8    9.2    6.3   -4.2   -0.6     -2   -2.3  -20.4   -7.6  -14.6    2.2 
                      Hs    16.7   26.3    3.4   -0.3  -14.7   -0.8    4.8    1.2  -26.7   -5.4  -13.5   -9.3 
                      Bs    16.6   11.2   15.1     13    6.4   -0.3     -9     -6  -14.1   -9.8  -15.7   13.7 
        
         Std  Error: All    23.6   23.4   21.1   25.7     25   25.1   24.7   24.1   27.9   26.8   22.3     24 
                      Hs    24.5   20.8   22.2   22.1   23.4   24.9   25.8     24   30.2   26.9     24   21.4 
                      Bs    22.7   23.5   18.3   27.3     22   25.5   21.4   23.7   23.8   26.6   20.5   20.8 
        
         Rms  Error: All    28.8     30     23   26.4   25.3   25.1   24.7   24.2   34.5   27.8   26.6   24.1 
                      Hs    29.5   33.5   22.4     22   27.5   24.8   26.2     24   40.2   27.3   27.4   23.2 
                      Bs    28.1   25.9   23.7   30.1   22.9   25.4   23.1   24.4   27.6   28.2   25.7   24.9 
       ------------------------------------------------------------------------------------------------------------
