
   *** Bell Statistics Summary
       ------------------------------------------------------------------------------------------------------------
         Bell Number:       1      2      3      4      5      6      7      8      9      0      E      T    
       ------------------------------------------------------------------------------------------------------------
         Mean Error: All    18.1    6.5   -0.2    5.3    5.4   -4.2   -2.5   -6.2  -25.6     -7    7.5   -2.2 
                      Hs     9.6    9.2   -2.8  -13.4   -6.3   -5.9   -0.4   -5.6    -26  -10.3    0.3   -6.3 
                      Bs    26.7    3.9    2.4   24.2   17.2   -2.5   -4.6   -6.8  -25.2   -3.8   14.8      2 
        
         Std  Error: All    28.4   22.6   27.4   30.3   29.3   22.7     25   28.3   26.5   26.7   24.4   20.8 
                      Hs    28.4     23   30.9   23.4   30.2   23.8   26.5   30.3   26.5   29.2   25.1   21.1 
                      Bs    25.9   21.9   23.2   24.2     23   21.4   23.3   26.1   26.5   23.6   21.5   19.7 
        
         Rms  Error: All    33.7   23.4   27.3   30.7   29.7     23   25.1   28.9   36.8   27.6   25.5   20.9 
                      Hs    29.8   24.7   30.9   26.9   30.8   24.5   26.4   30.7   37.1   30.8     25   21.9 
                      Bs    37.1   22.2   23.2   34.1   28.6   21.5   23.7   26.9   36.5   23.8   26.1   19.7 
       ------------------------------------------------------------------------------------------------------------
