
   *** Bell Statistics Summary
       ------------------------------------------------------------------------------------------------------------
         Bell Number:       1      2      3      4      5      6      7      8      9      0      E      T    
       ------------------------------------------------------------------------------------------------------------
         Mean Error: All     4.6     -5   -3.3      6    3.1   -3.8   -6.6   -2.3   -2.5    1.8    3.6      3 
                      Hs     5.8   -0.9   -3.9    7.1   -4.8     -5   -8.5  -11.5    0.3     -1   -0.4   -9.6 
                      Bs     3.3   -9.1   -2.8    4.8   10.9   -2.7   -4.8    6.9   -5.4    4.5    7.7   15.6 
        
         Std  Error: All    23.7     26   20.3   23.7     24   23.7   24.3   24.3   23.8   23.8   21.7   27.3 
                      Hs    25.7   29.5   22.3   23.1   24.3   24.9   24.1   22.7   21.1     24   22.4   26.7 
                      Bs    21.4   21.3   18.2   24.3   21.1   22.6   24.5   22.3     26   23.3   20.2   21.6 
        
         Rms  Error: All      24   26.5   20.6   24.4   24.2     24   25.2   24.3   23.9   23.8   21.9   27.4 
                      Hs    26.3   29.4   22.6   24.1   24.7   25.3   25.4   25.4     21     24   22.3   28.2 
                      Bs    21.6   23.1   18.3   24.7   23.7   22.7   24.9   23.3   26.5   23.7   21.5   26.6 
       ------------------------------------------------------------------------------------------------------------
