
   *** Bell Statistics Summary
       ------------------------------------------------------------------------------------------------------------
         Bell Number:       1      2      3      4      5      6      7      8      9      0      E      T    
       ------------------------------------------------------------------------------------------------------------
         Mean Error: All    27.7    9.2   -4.9    1.6    2.3   -0.5    1.1    0.2  -14.6  -17.2   -3.6   -4.3 
                      Hs    14.6   15.3   -4.7   -7.7   -7.2    3.3   -7.1  -17.2    -11  -14.7    1.4  -11.7 
                      Bs    40.9    3.1   -5.2   10.9   11.8   -4.3    9.3   17.5  -18.3  -19.7   -8.7    3.1 
        
         Std  Error: All    26.1   24.3   23.1   25.4   24.5   22.5   23.4     30   25.1   25.8   25.5   19.9 
                      Hs    24.2   24.2   25.5   21.9   25.4   23.2   22.6   25.3   25.2     30   28.2   19.9 
                      Bs    20.8   22.9   20.6   25.3   19.5   21.3   21.4   23.6   24.6   20.5   21.4   16.9 
        
         Rms  Error: All      38   25.9   23.6   25.4   24.6   22.5   23.4   29.9     29   30.9   25.7   20.3 
                      Hs    28.1   28.5   25.8   23.1   26.3   23.3   23.6   30.5   27.4   33.3   28.1     23 
                      Bs    45.8   23.1   21.2   27.4   22.8   21.7   23.2   29.3   30.5   28.4     23   17.2 
       ------------------------------------------------------------------------------------------------------------
