
   *** Bell Statistics Summary
       ------------------------------------------------------------------------------------------------------------
         Bell Number:       1      2      3      4      5      6      7      8      9      0      E      T    
       ------------------------------------------------------------------------------------------------------------
         Mean Error: All     4.9   -1.5  -14.5   15.6    4.2   -0.5      0    0.7   -1.6    0.8     -9   -0.4 
                      Hs     9.7     -3    -14    8.8   -3.3    3.9    2.3   -8.6    0.7   -5.8  -16.2  -11.9 
                      Bs     0.1      0  -15.1   22.4   11.7   -4.8   -2.4     10   -3.8    7.3   -1.9   11.1 
        
         Std  Error: All    25.9   21.3   22.3     24   25.1     23   25.4   26.3     25   25.3   23.1   27.7 
                      Hs    25.6   21.6   23.9   24.3   23.8   24.1   27.2     26   23.9   25.6   23.4   26.3 
                      Bs    25.3     21   20.8   21.7   24.2   21.1   23.3   23.2   25.9   23.4   20.4   24.2 
        
         Rms  Error: All    26.3   21.3   26.6   28.6   25.4     23   25.3   26.3     25   25.3   24.7   27.7 
                      Hs    27.3   21.7   27.6   25.8     24   24.3   27.2   27.3   23.8   26.2   28.4   28.8 
                      Bs    25.2   20.9   25.6   31.2   26.8   21.5   23.3   25.2     26   24.4   20.4   26.6 
       ------------------------------------------------------------------------------------------------------------
