
   *** Bell Statistics Summary
       ------------------------------------------------------------------------------------------------------------
         Bell Number:       1      2      3      4      5      6      7      8      9      0      E      T    
       ------------------------------------------------------------------------------------------------------------
         Mean Error: All    13.6    2.1    4.6   10.7  -21.2   -2.5   -1.8  -16.8   10.1   -5.1    1.2    0.8 
                      Hs    15.4    2.8   -3.8      1  -25.2   -1.6      1  -22.2    1.2  -11.5   -4.6   -0.4 
                      Bs    11.7    1.4     13   20.5  -17.1   -3.3   -4.7  -11.2   19.1    1.4      7      2 
        
         Std  Error: All    23.7   22.1   24.8   27.8   25.4   23.8   25.7   27.8   27.1   28.3   23.2   20.9 
                      Hs    26.3   24.4   23.6   25.8   27.6   25.2   26.2   29.2   25.7   29.2   21.4   21.5 
                      Bs    20.8   19.7   23.1   26.2   22.3   22.3   24.8   25.3   25.7   25.9   23.4   20.3 
        
         Rms  Error: All    27.3   22.2   25.2   29.7     33   23.9   25.7   32.4   28.9   28.7   23.1   20.9 
                      Hs    30.4   24.5   23.8   25.7   37.3   25.2   26.1   36.6   25.6   31.2   21.8   21.4 
                      Bs    23.8   19.6   26.4   33.2     28   22.5   25.2   27.6   31.9   25.9   24.4   20.4 
       ------------------------------------------------------------------------------------------------------------
