
   *** Bell Statistics Summary
       ------------------------------------------------------------------------------------------------------------
         Bell Number:       1      2      3      4      5      6      7      8      9      0      E      T    
       ------------------------------------------------------------------------------------------------------------
         Mean Error: All     7.8      5   -1.8    1.3    4.3   -6.2   -2.7    4.8   -9.9   -3.1      0   -2.5 
                      Hs    14.3   10.4   -0.8   -8.2   -5.3   -3.1   -0.5  -12.8  -12.4  -14.4   -5.9   -5.1 
                      Bs     1.3   -0.5   -2.8   10.8   13.9   -9.2   -4.9   22.4   -7.5    8.2      6    0.2 
        
         Std  Error: All    22.2   27.6   22.5   26.4   29.9   24.8   26.4   31.9     26     27   23.4   21.9 
                      Hs      23   30.4   22.8     26   29.9   26.2   27.6   23.2     28   25.4   23.4   23.3 
                      Bs    19.4   23.3   22.3   23.4   26.7     23   25.1   29.7   23.8   23.8   21.9   20.3 
        
         Rms  Error: All    23.5     28   22.6   26.4   30.1   25.5   26.5   32.2   27.8   27.2   23.3     22 
                      Hs      27     32   22.7   27.1   30.3   26.2   27.5   26.4   30.5   29.1     24   23.7 
                      Bs    19.4   23.2   22.4   25.7     30   24.7   25.5   37.1   24.8   25.1   22.6   20.2 
       ------------------------------------------------------------------------------------------------------------
