
   *** Bell Statistics Summary
       ------------------------------------------------------------------------------------------------------------
         Bell Number:       1      2      3      4      5      6      7      8      9      0      E      T    
       ------------------------------------------------------------------------------------------------------------
         Mean Error: All    23.6   19.7  -12.5   -1.9   -1.6   -6.5   -2.6   -8.3  -17.7  -12.1   22.4   -5.5 
                      Hs    19.5   30.5   -8.8   -8.3  -13.3     -6   -5.1  -19.5  -31.5  -20.8   29.3  -13.7 
                      Bs    27.6    8.8  -16.2    4.6   10.2     -7   -0.1    2.9   -3.9   -3.4   15.6    2.7 
        
         Std  Error: All    23.6   24.8   20.6   26.7     25   22.9   28.1   26.1   33.4   26.6   32.6   22.8 
                      Hs      24   23.3   20.7   28.1   23.9   23.1   26.7     24   31.9   27.8   30.8   21.4 
                      Bs    22.6   21.4   19.9   23.6     20   22.9   29.3   23.1   28.9   22.2   33.1   21.2 
        
         Rms  Error: All    33.3   31.6   24.1   26.7     25   23.8   28.1   27.3   37.7   29.2   39.5   23.4 
                      Hs    30.9   38.3   22.4   29.2   27.3   23.7   27.1   30.9   44.8   34.7   42.4   25.3 
                      Bs    35.6   23.1   25.6     24   22.4   23.9   29.2   23.2     29   22.4   36.4   21.3 
       ------------------------------------------------------------------------------------------------------------
