
   *** Bell Statistics Summary
       ------------------------------------------------------------------------------------------------------------
         Bell Number:       1      2      3      4      5      6      7      8      9      0      E      T    
       ------------------------------------------------------------------------------------------------------------
         Mean Error: All    21.8   12.9    0.2  -11.5   -5.4   -6.8    5.6   -3.7   15.2  -26.6    6.2  -11.3 
                      Hs    13.6   17.5   -2.8  -25.4  -24.2   -9.3    8.2   -4.5    7.1    -43    5.8  -16.5 
                      Bs    29.9    8.4    3.3    2.5   13.3   -4.4      3   -2.8   23.3  -10.2    6.6   -6.1 
        
         Std  Error: All    24.3   23.8   21.2   31.4   34.4   22.2   27.2   25.7   24.9   31.8   22.9   22.2 
                      Hs    22.7   25.2   20.9   30.1   30.7   22.8   27.3   27.3   24.6   29.2   24.7   20.2 
                      Bs    23.3   21.5   21.2   26.2   27.1   21.6     27   24.3   22.7   25.3   21.1     23 
        
         Rms  Error: All    32.6     27   21.1   33.3   34.7   23.2   27.6   25.9   29.1   41.4   23.6   24.8 
                      Hs    26.3   30.5   20.9   39.2   38.9   24.4   28.3   27.5   25.5   51.8   25.2     26 
                      Bs    37.8   22.9   21.3   26.1     30   21.9   26.9   24.2   32.3   27.1   21.9   23.6 
       ------------------------------------------------------------------------------------------------------------
