
   *** Bell Statistics Summary
       ------------------------------------------------------------------------------------------------------------
         Bell Number:       1      2      3      4      5      6      7      8      9      0      E      T    
       ------------------------------------------------------------------------------------------------------------
         Mean Error: All      12    4.7    3.6     -5   -8.1  -10.3   -1.2   -8.5   15.2  -18.4    3.3    8.5 
                      Hs    13.7   17.5   -1.8   -8.2  -20.9  -16.7    4.3  -11.1    9.3  -19.3   -3.8    1.3 
                      Bs    10.2     -8    9.1   -1.7    4.6   -3.9   -6.6   -5.8   21.1  -17.4   10.4   15.6 
        
         Std  Error: All    21.8     26   21.9   26.9   25.1   26.2   25.2   23.1   25.5   26.6   20.9   21.7 
                      Hs    20.8   23.5   22.6   24.7   22.2     25   25.7   23.3   24.2   29.1   19.5   18.9 
                      Bs    22.6   21.7   19.9   28.8   21.2   25.9   23.5   22.7   25.5   23.9   19.9     22 
        
         Rms  Error: All    24.8   26.3   22.2   27.3   26.4   28.1   25.2   24.6   29.6   32.3   21.1   23.3 
                      Hs    24.9   29.2   22.6   25.9   30.4   29.9     26   25.7   25.8   34.8   19.7   18.8 
                      Bs    24.7   23.1   21.8   28.7   21.6   26.1   24.3   23.4     33   29.5   22.4     27 
       ------------------------------------------------------------------------------------------------------------
