
   *** Bell Statistics Summary
       ------------------------------------------------------------------------------------------------------------
         Bell Number:       1      2      3      4      5      6      7      8      9      0      E      T    
       ------------------------------------------------------------------------------------------------------------
         Mean Error: All    25.8    1.7   18.6   -0.4    9.8   12.4    9.9    7.6  -21.1  -22.3    5.4  -43.5 
                      Hs    25.7   -0.7   18.2      3   11.9   10.5    6.3    8.6  -29.3    -28   -0.3  -85.1 
                      Bs      26      4     19   -3.8    7.8   14.3   13.5    6.6    -13  -16.5   11.1   -1.8 
        
         Std  Error: All    30.6     26   28.5   33.3   31.4   34.3   33.4   34.2   37.2   40.2   38.1   53.5 
                      Hs    31.6   27.8   30.3     34   34.9   35.9   35.5   30.3   35.6   43.1   37.9   31.6 
                      Bs    29.7   23.9   26.7   32.3   27.5   32.6   30.9   37.8   37.2   36.4   37.6   35.3 
        
         Rms  Error: All      40     26     34   33.2   32.9   36.4   34.8     35   42.7   45.9   38.4   68.8 
                      Hs    40.7   27.7   35.2     34   36.7   37.3     36   31.4     46   51.2   37.8   90.7 
                      Bs    39.4   24.1   32.6   32.4   28.4   35.5   33.6   38.2   39.3   39.8   39.1   35.2 
       ------------------------------------------------------------------------------------------------------------
