
   *** Bell Statistics Summary
       ------------------------------------------------------------------------------------------------------------
         Bell Number:       1      2      3      4      5      6      7      8      9      0      E      T    
       ------------------------------------------------------------------------------------------------------------
         Mean Error: All    24.1    7.4   -3.9    2.7   -5.6  -12.9   -4.9   -4.8    5.3  -15.8   -0.7    6.2 
                      Hs    18.2   14.1   -6.8    -10  -22.7  -18.1   -4.1   -8.7   15.7  -19.1     -4   -1.9 
                      Bs      30    0.7     -1   15.5   11.7   -7.7   -5.8     -1   -5.1  -12.5    2.6   14.3 
        
         Std  Error: All    27.3   25.3   29.4   27.2   30.4   23.6   25.7   27.2     27   25.8   22.3   21.5 
                      Hs      28   25.8     33   24.6     27   24.1   27.4   28.2   24.9   27.8   22.6   19.1 
                      Bs    25.3   23.1   25.1   23.6     23   21.9   23.9   25.8   24.9   23.3   21.6   20.8 
        
         Rms  Error: All    36.4   26.4   29.6   27.3   30.8   26.9   26.1   27.6   27.4   30.2   22.3   22.3 
                      Hs    33.3   29.3   33.5   26.5   35.2   30.1   27.6   29.4   29.4   33.6   22.8   19.1 
                      Bs    39.2   23.1     25   28.1   25.7   23.1   24.5   25.7   25.4   26.4   21.7   25.2 
       ------------------------------------------------------------------------------------------------------------
