
   *** Bell Statistics Summary
       --------------------------------------------------------------------------------------------------
         Bell Number:       1      2      3      4      5      6      7      8      9      0    
       --------------------------------------------------------------------------------------------------
         Mean Error: All    10.2   10.6   -3.6  -11.8   -1.3      5   -7.6   -8.1    1.1    2.4 
                      Hs      18   12.8   -0.9  -13.6  -14.6    0.8  -10.3   -8.8   -7.6   -3.4 
                      Bs     2.3    8.4   -6.4    -10     12    9.3   -4.8   -7.3    9.8    8.4 
        
         Std  Error: All    23.5   23.2   23.2   21.6   26.7   25.8     28   26.3   21.7   19.3 
                      Hs    21.8   25.3   25.9   22.5   24.9     25   28.1   30.2   21.1   19.3 
                      Bs    22.6   20.7   19.8   20.4   21.1   25.9   27.7   21.8   18.7   17.4 
        
         Rms  Error: All    25.6   25.5   23.5   24.6   26.7   26.2   28.9   27.5   21.7   19.4 
                      Hs    28.2   28.3   25.8   26.3   28.8     25   29.8   31.3   22.4   19.6 
                      Bs    22.6   22.3   20.8   22.7   24.2   27.4     28   22.9   21.1   19.3 
       --------------------------------------------------------------------------------------------------
