
   *** Bell Statistics Summary
       ------------------------------------------------------------------------------------------------------------
         Bell Number:       1      2      3      4      5      6      7      8      9      0      E      T    
       ------------------------------------------------------------------------------------------------------------
         Mean Error: All     4.6    2.1     -9    5.3    1.7    3.4   -0.1    7.3   -3.5   -1.6   -1.8   -9.2 
                      Hs     4.1    8.1  -10.1    0.9  -11.2    4.9   -2.1   -0.7   -8.7   -3.5   -6.7    -13 
                      Bs     5.1   -3.9   -7.8    9.7   14.5    1.9    1.9   15.3    1.7    0.3    3.1   -5.3 
        
         Std  Error: All    20.6   26.5   20.1   24.6   29.7   26.3   22.9   26.1   27.6   29.8     23   21.6 
                      Hs    20.4   29.2   19.2   25.8   30.3   24.7   24.3   23.6   29.9     26   23.1   21.2 
                      Bs    20.8     22     21   22.6     23   27.9   21.5   26.2   24.1   33.1     22   21.3 
        
         Rms  Error: All      21   26.5     22   25.1   29.7   26.5   22.9   27.1   27.8   29.7     23   23.4 
                      Hs    20.7   30.1   21.7   25.7   32.1   25.1   24.2   23.5     31   26.1   23.9   24.8 
                      Bs    21.3   22.3   22.3   24.5   27.1   27.8   21.4   30.2   24.1     33   22.1   21.8 
       ------------------------------------------------------------------------------------------------------------
