
   *** Bell Statistics Summary
       ------------------------------------------------------------------------------------------------------------
         Bell Number:       1      2      3      4      5      6      7      8      9      0      E      T    
       ------------------------------------------------------------------------------------------------------------
         Mean Error: All    31.3    4.8   18.6    2.9   -9.1    3.9    4.6  -17.9  -20.4   -4.4   16.1  -28.9 
                      Hs    31.9    3.3   18.4   13.5  -10.4    5.8    4.1  -17.2  -32.4  -11.4    9.4    -57 
                      Bs    30.7    6.2   18.8   -7.7   -7.8    1.9    5.2  -18.6   -8.4    2.7   22.8   -0.8 
        
         Std  Error: All    30.6   25.8   25.5   30.3   30.8   33.3   31.1   40.9   36.5   44.6   29.9   40.9 
                      Hs    30.9   23.3   25.9     30   31.1   34.8   33.4   34.8   31.2   45.1   28.1   28.6 
                      Bs    30.3   28.1   25.1   26.9   30.7   31.8   28.7   46.4   37.5   43.1   30.3   30.8 
        
         Rms  Error: All    43.7   26.2   31.5   30.4   32.1   33.5   31.4   44.6   41.7   44.7   33.9     50 
                      Hs    44.4   23.5   31.7   32.8   32.7   35.2   33.6   38.7   44.9   46.3   29.5   63.7 
                      Bs    43.1   28.7   31.3   27.9   31.5   31.7     29   49.8   38.3     43   37.8   30.7 
       ------------------------------------------------------------------------------------------------------------
