
   *** Bell Statistics Summary
       ------------------------------------------------------------------------------------------------------------
         Bell Number:       1      2      3      4      5      6      7      8      9      0      E      T    
       ------------------------------------------------------------------------------------------------------------
         Mean Error: All     1.6    1.7     -3    5.2  -13.7  -14.1   -5.1  -12.9   50.8  -11.8   -0.4   -0.5 
                      Hs     0.8   11.8   -9.4   -4.6  -27.3  -15.5   -2.4  -12.4   39.9  -17.5   -5.2   -5.6 
                      Bs     2.3   -8.3    3.3     15      0  -12.6   -7.9  -13.5   61.6   -6.2    4.4    4.7 
        
         Std  Error: All    23.1   26.3   23.7   25.3   28.3   24.9   32.2   26.6   29.1   27.7   23.9   20.7 
                      Hs    22.8   25.5     25   22.8   24.8   24.1   29.9   26.5   24.9   29.6   22.4   18.9 
                      Bs    23.4   23.2   20.6     24   24.8   25.7   34.2   26.7   29.1   24.5   24.5   21.1 
        
         Rms  Error: All    23.1   26.3   23.9   25.8   31.4   28.5   32.5   29.5   58.5   30.1   23.9   20.6 
                      Hs    22.7     28   26.6   23.2   36.8   28.5   29.9   29.1   46.9   34.3   22.9   19.7 
                      Bs    23.4   24.6   20.8   28.2   24.8   28.6     35   29.9   68.1   25.1   24.8   21.5 
       ------------------------------------------------------------------------------------------------------------
